1 Q0 4 0
1 Q0 11 0
1 Q0 339 0
1 Q0 1378 0
1 Q0 1861 1
1 Q0 2034 0
1 Q0 2371 0
1 Q0 2379 0
1 Q0 2624 0
1 Q0 4408 0
1 Q0 5102 0
1 Q0 5525 0
1 Q0 5588 1
1 Q0 5675 0
1 Q0 5819 0
1 Q0 5981 0
1 Q0 6357 1
1 Q0 6362 0
1 Q0 6390 0
1 Q0 6603 0
1 Q0 6779 0
1 Q0 7477 0
1 Q0 8006 0
1 Q0 8108 0
1 Q0 8520 0
1 Q0 8566 0
1 Q0 8580 0
1 Q0 8922 0
1 Q0 9102 0
1 Q0 9383 0
1 Q0 10716 0
1 Q0 11728 0
1 Q0 14137 0
1 Q0 14562 0
1 Q0 14658 0
1 Q0 15204 0
1 Q0 15213 0
1 Q0 15819 0
1 Q0 16290 0
1 Q0 17228 0
1 Q0 17271 1
1 Q0 17344 1
1 Q0 17476 0
1 Q0 17478 0
1 Q0 17641 0
1 Q0 18580 0
1 Q0 18821 1
1 Q0 19492 0
1 Q0 20241 0
1 Q0 20541 0
1 Q0 20822 0
1 Q0 20852 0
1 Q0 21524 0
1 Q0 23377 0
1 Q0 24135 0
1 Q0 24286 0
1 Q0 24566 0
1 Q0 24581 0
1 Q0 24835 0
1 Q0 24931 0
1 Q0 24939 0
1 Q0 25039 0
1 Q0 25209 0
1 Q0 25663 0
1 Q0 25826 0
1 Q0 26248 0
1 Q0 27284 1
1 Q0 27998 1
1 Q0 28039 0
1 Q0 29047 0
1 Q0 29075 0
1 Q0 29118 0
1 Q0 30466 0
1 Q0 31028 0
1 Q0 31739 0
1 Q0 32079 1
1 Q0 33210 0
1 Q0 33224 1
1 Q0 33633 0
1 Q0 34685 0
1 Q0 34994 0
1 Q0 35006 0
1 Q0 35223 0
1 Q0 35753 0
1 Q0 35868 0
1 Q0 36116 0
1 Q0 36246 0
1 Q0 36330 0
1 Q0 36413 0
1 Q0 36981 0
1 Q0 37195 0
1 Q0 37276 0
1 Q0 37496 0
1 Q0 38657 1
1 Q0 40375 0
1 Q0 40718 0
1 Q0 40909 0
1 Q0 40936 0
1 Q0 41294 0
1 Q0 41748 0
1 Q0 41936 1
1 Q0 42928 1
1 Q0 43003 0
1 Q0 43524 0
1 Q0 43576 0
1 Q0 43716 0
1 Q0 44245 0
1 Q0 44518 0
1 Q0 45127 0
1 Q0 45808 0
1 Q0 46040 0
1 Q0 46855 0
1 Q0 46896 1
1 Q0 46920 1
1 Q0 46959 1
1 Q0 47775 0
1 Q0 48035 0
1 Q0 48681 0
1 Q0 49375 0
1 Q0 49761 0
1 Q0 49784 0
1 Q0 49818 0
1 Q0 50188 0
1 Q0 50407 0
1 Q0 50625 1
1 Q0 51013 0
1 Q0 51534 0
1 Q0 51855 0
1 Q0 52584 0
1 Q0 53197 0
1 Q0 53309 0
1 Q0 53418 0
1 Q0 53813 0
1 Q0 54239 0
1 Q0 54345 0
1 Q0 54709 0
1 Q0 54927 1
1 Q0 55225 0
1 Q0 56013 1
1 Q0 56264 0
1 Q0 56507 0
1 Q0 56856 0
1 Q0 56858 0
1 Q0 56906 0
1 Q0 56910 0
1 Q0 57114 0
1 Q0 57893 0
1 Q0 58185 0
1 Q0 59180 0
1 Q0 59201 0
1 Q0 59213 0
1 Q0 59648 0
1 Q0 60458 0
1 Q0 60623 0
1 Q0 61385 0
1 Q0 61545 1
1 Q0 61750 0
1 Q0 61876 0
1 Q0 62851 0
1 Q0 63106 0
1 Q0 64261 1
1 Q0 64413 0
1 Q0 64446 0
1 Q0 64771 1
1 Q0 64996 0
1 Q0 65133 0
1 Q0 65896 0
1 Q0 66301 0
1 Q0 66302 0
1 Q0 66428 1
1 Q0 66526 0
1 Q0 66587 0
1 Q0 66606 0
1 Q0 66609 0
1 Q0 66649 0
1 Q0 67118 0
1 Q0 67564 0
1 Q0 67808 0
1 Q0 68321 0
1 Q0 68537 0
1 Q0 69022 0
1 Q0 69500 0
1 Q0 70364 0
1 Q0 70641 1
1 Q0 70984 0
1 Q0 71412 1
1 Q0 71426 1
1 Q0 71524 0
1 Q0 72003 0
1 Q0 72438 0
1 Q0 72858 0
1 Q0 73490 0
1 Q0 74132 0
1 Q0 75648 0
1 Q0 75742 0
1 Q0 75919 0
1 Q0 77084 0
1 Q0 77089 0
1 Q0 77754 0
1 Q0 78144 0
1 Q0 78280 0
1 Q0 78297 0
1 Q0 78555 0
1 Q0 78806 0
1 Q0 79719 0
1 Q0 80599 0
1 Q0 80866 0
1 Q0 80879 0
1 Q0 81109 0
1 Q0 81936 0
1 Q0 82365 0
1 Q0 82477 0
1 Q0 82514 0
1 Q0 82829 0
1 Q0 83028 1
1 Q0 83392 0
1 Q0 83496 0
1 Q0 84070 1
1 Q0 85006 0
1 Q0 85044 1
1 Q0 85060 0
1 Q0 86261 0
1 Q0 87791 0
1 Q0 88059 1
1 Q0 88187 0
1 Q0 88778 1
1 Q0 88826 0
1 Q0 89043 0
1 Q0 89136 0
1 Q0 89385 1
1 Q0 89925 0
1 Q0 91003 0
1 Q0 91346 0
1 Q0 91377 0
1 Q0 91792 0
1 Q0 91876 0
1 Q0 92366 0
1 Q0 92906 0
1 Q0 95870 0
1 Q0 96249 0
1 Q0 96272 0
1 Q0 96678 0
1 Q0 96938 0
1 Q0 97157 0
1 Q0 98702 1
1 Q0 98886 0
1 Q0 99166 0
1 Q0 100223 0
1 Q0 100418 0
1 Q0 100684 0
1 Q0 101267 0
1 Q0 102307 0
1 Q0 102565 0
1 Q0 102969 0
1 Q0 103099 1
1 Q0 103307 0
1 Q0 103482 0
1 Q0 103524 0
1 Q0 105248 0
1 Q0 106014 0
1 Q0 106428 0
1 Q0 106545 1
1 Q0 106591 0
1 Q0 106657 1
1 Q0 107002 1
1 Q0 107372 0
1 Q0 107743 0
2 Q0 54 0
2 Q0 538 0
2 Q0 606 0
2 Q0 1704 0
2 Q0 2064 0
2 Q0 2980 0
2 Q0 3336 0
2 Q0 3938 0
2 Q0 4250 0
2 Q0 4929 0
2 Q0 5793 0
2 Q0 6026 0
2 Q0 6069 0
2 Q0 6414 0
2 Q0 6476 0
2 Q0 6631 1
2 Q0 7075 0
2 Q0 7085 0
2 Q0 7287 0
2 Q0 8003 0
2 Q0 8370 1
2 Q0 9613 0
2 Q0 9957 0
2 Q0 10028 0
2 Q0 10100 0
2 Q0 10127 0
2 Q0 11155 0
2 Q0 11336 1
2 Q0 11385 0
2 Q0 11762 0
2 Q0 11912 0
2 Q0 13156 0
2 Q0 13269 0
2 Q0 13526 0
2 Q0 14048 0
2 Q0 14127 0
2 Q0 14834 0
2 Q0 14859 1
2 Q0 14991 0
2 Q0 15172 0
2 Q0 15758 0
2 Q0 15894 0
2 Q0 16438 0
2 Q0 16616 0
2 Q0 16752 0
2 Q0 17315 0
2 Q0 18037 0
2 Q0 18259 0
2 Q0 18717 0
2 Q0 19139 0
2 Q0 19903 0
2 Q0 20051 0
2 Q0 20431 0
2 Q0 20508 0
2 Q0 20636 0
2 Q0 20808 1
2 Q0 21205 0
2 Q0 21478 0
2 Q0 21757 0
2 Q0 22011 0
2 Q0 22414 0
2 Q0 22771 0
2 Q0 23722 0
2 Q0 23856 0
2 Q0 23951 0
2 Q0 24032 0
2 Q0 24040 0
2 Q0 24140 0
2 Q0 24541 0
2 Q0 24939 0
2 Q0 26397 0
2 Q0 26468 0
2 Q0 26620 0
2 Q0 27044 0
2 Q0 27416 0
2 Q0 27555 0
2 Q0 27731 0
2 Q0 27742 0
2 Q0 27992 0
2 Q0 28186 0
2 Q0 28382 0
2 Q0 28841 0
2 Q0 28975 0
2 Q0 29094 0
2 Q0 29352 0
2 Q0 29518 0
2 Q0 29570 0
2 Q0 30032 0
2 Q0 30197 0
2 Q0 30392 0
2 Q0 31465 0
2 Q0 31712 0
2 Q0 33007 0
2 Q0 33025 0
2 Q0 33609 0
2 Q0 33777 0
2 Q0 33902 0
2 Q0 34052 0
2 Q0 34400 0
2 Q0 34578 0
2 Q0 34681 0
2 Q0 35482 0
2 Q0 35753 0
2 Q0 36006 0
2 Q0 36076 0
2 Q0 36270 0
2 Q0 37299 0
2 Q0 37709 0
2 Q0 37739 0
2 Q0 38287 0
2 Q0 38308 0
2 Q0 38898 0
2 Q0 39199 0
2 Q0 39644 0
2 Q0 39830 0
2 Q0 39978 0
2 Q0 41187 0
2 Q0 41189 0
2 Q0 41294 0
2 Q0 41759 0
2 Q0 42417 0
2 Q0 42634 0
2 Q0 42899 0
2 Q0 43552 0
2 Q0 43839 0
2 Q0 43999 0
2 Q0 44080 0
2 Q0 44189 0
2 Q0 44557 0
2 Q0 45607 0
2 Q0 45635 0
2 Q0 46080 0
2 Q0 46341 0
2 Q0 46747 0
2 Q0 46816 0
2 Q0 46845 1
2 Q0 47562 0
2 Q0 47706 0
2 Q0 48456 0
2 Q0 48524 0
2 Q0 48681 0
2 Q0 48809 0
2 Q0 49010 0
2 Q0 49085 0
2 Q0 49583 0
2 Q0 50033 0
2 Q0 50146 0
2 Q0 50287 0
2 Q0 50753 0
2 Q0 51056 0
2 Q0 51143 0
2 Q0 51692 0
2 Q0 51893 1
2 Q0 51959 0
2 Q0 52591 0
2 Q0 52884 0
2 Q0 52962 0
2 Q0 53103 0
2 Q0 53813 0
2 Q0 53940 0
2 Q0 54035 0
2 Q0 54345 0
2 Q0 54987 0
2 Q0 55073 0
2 Q0 55633 0
2 Q0 56180 0
2 Q0 56209 0
2 Q0 56358 0
2 Q0 56499 0
2 Q0 56843 0
2 Q0 57040 0
2 Q0 57387 1
2 Q0 57717 0
2 Q0 57809 1
2 Q0 57853 0
2 Q0 58170 0
2 Q0 58434 0
2 Q0 58606 0
2 Q0 58655 0
2 Q0 59139 0
2 Q0 59600 1
2 Q0 60623 0
2 Q0 62253 0
2 Q0 62530 0
2 Q0 62903 0
2 Q0 63129 0
2 Q0 63132 0
2 Q0 63373 0
2 Q0 63780 0
2 Q0 65193 0
2 Q0 65381 0
2 Q0 66586 0
2 Q0 67114 0
2 Q0 67193 0
2 Q0 67450 0
2 Q0 67491 0
2 Q0 67607 0
2 Q0 67808 0
2 Q0 67932 0
2 Q0 68321 0
2 Q0 68517 0
2 Q0 69830 0
2 Q0 70227 0
2 Q0 70705 0
2 Q0 71013 0
2 Q0 72046 0
2 Q0 72074 0
2 Q0 72315 0
2 Q0 72563 0
2 Q0 72653 1
2 Q0 72846 0
2 Q0 73284 0
2 Q0 73355 0
2 Q0 73478 0
2 Q0 73860 0
2 Q0 74981 0
2 Q0 75026 0
2 Q0 75163 0
2 Q0 75249 0
2 Q0 75594 0
2 Q0 75765 0
2 Q0 75892 0
2 Q0 75919 0
2 Q0 75988 0
2 Q0 76317 0
2 Q0 77400 0
2 Q0 77715 0
2 Q0 77830 0
2 Q0 77899 0
2 Q0 77900 0
2 Q0 78304 0
2 Q0 80256 0
2 Q0 80941 0
2 Q0 81027 0
2 Q0 81260 0
2 Q0 82695 0
2 Q0 82733 0
2 Q0 83160 0
2 Q0 83632 0
2 Q0 84266 0
2 Q0 84862 0
2 Q0 85800 0
2 Q0 86073 0
2 Q0 86132 0
2 Q0 86687 0
2 Q0 86852 0
2 Q0 86897 0
2 Q0 87079 0
2 Q0 87390 0
2 Q0 89589 0
2 Q0 89845 0
2 Q0 90477 0
2 Q0 90816 0
2 Q0 90925 0
2 Q0 92539 0
2 Q0 93123 0
2 Q0 93277 0
2 Q0 93554 0
2 Q0 93582 1
2 Q0 93999 0
2 Q0 94377 0
2 Q0 94622 0
2 Q0 94719 0
2 Q0 94944 0
2 Q0 95011 0
2 Q0 95349 1
2 Q0 95421 0
2 Q0 95432 0
2 Q0 96226 0
2 Q0 96778 0
2 Q0 96805 0
2 Q0 96882 0
2 Q0 96991 0
2 Q0 97073 0
2 Q0 97780 0
2 Q0 97792 0
2 Q0 97925 0
2 Q0 98209 0
2 Q0 98457 0
2 Q0 98494 0
2 Q0 98571 0
2 Q0 98836 0
2 Q0 99361 0
2 Q0 99794 0
2 Q0 100479 0
2 Q0 100613 0
2 Q0 100748 1
2 Q0 100768 0
2 Q0 101267 0
2 Q0 102500 0
2 Q0 102943 0
2 Q0 103306 0
2 Q0 103311 0
2 Q0 103858 0
2 Q0 103999 1
2 Q0 104042 0
2 Q0 104395 0
2 Q0 104403 0
2 Q0 105044 0
2 Q0 105159 0
2 Q0 105306 0
2 Q0 105537 0
2 Q0 105578 0
2 Q0 105606 0
2 Q0 105641 0
2 Q0 105763 0
2 Q0 106262 0
2 Q0 106713 0
2 Q0 107006 0
2 Q0 107372 0
3 Q0 350 1
3 Q0 1160 1
3 Q0 1275 0
3 Q0 1523 1
3 Q0 1660 0
3 Q0 1713 0
3 Q0 1767 0
3 Q0 1789 0
3 Q0 1888 0
3 Q0 2371 0
3 Q0 2379 0
3 Q0 2390 0
3 Q0 2446 0
3 Q0 2655 0
3 Q0 3397 0
3 Q0 3475 0
3 Q0 3829 0
3 Q0 4087 0
3 Q0 4674 0
3 Q0 4981 0
3 Q0 5323 0
3 Q0 5833 0
3 Q0 5936 0
3 Q0 6148 0
3 Q0 6520 0
3 Q0 6594 0
3 Q0 6941 0
3 Q0 7944 0
3 Q0 8006 0
3 Q0 8508 0
3 Q0 8736 0
3 Q0 9032 1
3 Q0 9074 0
3 Q0 9219 0
3 Q0 9358 0
3 Q0 9405 0
3 Q0 9689 0
3 Q0 9740 0
3 Q0 10013 0
3 Q0 10235 0
3 Q0 10588 0
3 Q0 10992 0
3 Q0 11296 0
3 Q0 11699 0
3 Q0 11728 1
3 Q0 12854 0
3 Q0 13659 0
3 Q0 13996 0
3 Q0 14077 0
3 Q0 14178 0
3 Q0 14483 0
3 Q0 14676 0
3 Q0 15292 0
3 Q0 15688 1
3 Q0 15894 0
3 Q0 15911 0
3 Q0 16487 0
3 Q0 17644 0
3 Q0 17784 0
3 Q0 18012 0
3 Q0 18408 0
3 Q0 18624 1
3 Q0 19374 0
3 Q0 19412 0
3 Q0 19523 0
3 Q0 19947 0
3 Q0 20223 0
3 Q0 20383 0
3 Q0 20428 0
3 Q0 20573 0
3 Q0 20811 0
3 Q0 20991 0
3 Q0 21051 0
3 Q0 21585 0
3 Q0 21655 0
3 Q0 21819 0
3 Q0 22887 0
3 Q0 23076 0
3 Q0 23566 0
3 Q0 23722 0
3 Q0 24002 0
3 Q0 24532 0
3 Q0 24566 0
3 Q0 24835 0
3 Q0 24939 0
3 Q0 26131 0
3 Q0 26913 0
3 Q0 27383 0
3 Q0 27971 0
3 Q0 28553 0
3 Q0 28587 0
3 Q0 28664 1
3 Q0 28911 0
3 Q0 29044 0
3 Q0 29116 0
3 Q0 29352 0
3 Q0 29845 0
3 Q0 30047 0
3 Q0 30254 0
3 Q0 30464 0
3 Q0 30829 0
3 Q0 31230 0
3 Q0 31465 0
3 Q0 31602 0
3 Q0 31791 0
3 Q0 32076 0
3 Q0 33883 1
3 Q0 34455 0
3 Q0 35304 0
3 Q0 35642 0
3 Q0 35753 0
3 Q0 36677 0
3 Q0 36707 0
3 Q0 37119 0
3 Q0 37379 0
3 Q0 37387 1
3 Q0 38046 0
3 Q0 38770 0
3 Q0 39402 0
3 Q0 39844 0
3 Q0 40190 0
3 Q0 40439 0
3 Q0 40718 0
3 Q0 40820 0
3 Q0 41135 1
3 Q0 41294 0
3 Q0 41592 0
3 Q0 42023 0
3 Q0 42159 1
3 Q0 42836 0
3 Q0 43580 0
3 Q0 43639 0
3 Q0 44080 0
3 Q0 44275 0
3 Q0 44887 0
3 Q0 44944 0
3 Q0 45728 0
3 Q0 45808 0
3 Q0 46469 0
3 Q0 46531 0
3 Q0 46696 0
3 Q0 47169 0
3 Q0 47394 0
3 Q0 47975 0
3 Q0 48035 0
3 Q0 49784 0
3 Q0 49989 0
3 Q0 50397 0
3 Q0 50979 0
3 Q0 51013 0
3 Q0 51461 0
3 Q0 51530 0
3 Q0 52014 0
3 Q0 52722 0
3 Q0 53401 1
3 Q0 53633 0
3 Q0 53703 0
3 Q0 53813 0
3 Q0 53886 0
3 Q0 54050 0
3 Q0 54251 0
3 Q0 54677 1
3 Q0 54773 0
3 Q0 54829 0
3 Q0 55211 0
3 Q0 55267 0
3 Q0 55760 0
3 Q0 55989 0
3 Q0 57298 0
3 Q0 57694 0
3 Q0 57759 0
3 Q0 58109 0
3 Q0 58185 0
3 Q0 58552 0
3 Q0 58736 0
3 Q0 59248 0
3 Q0 59712 0
3 Q0 60229 0
3 Q0 60602 0
3 Q0 60882 0
3 Q0 61184 0
3 Q0 61385 0
3 Q0 61468 0
3 Q0 61833 0
3 Q0 62148 0
3 Q0 62851 0
3 Q0 63040 0
3 Q0 63839 0
3 Q0 65164 0
3 Q0 65551 1
3 Q0 65665 0
3 Q0 66007 0
3 Q0 66294 0
3 Q0 66318 0
3 Q0 66560 0
3 Q0 66609 0
3 Q0 67182 0
3 Q0 67808 0
3 Q0 68321 0
3 Q0 68699 0
3 Q0 70264 0
3 Q0 70327 0
3 Q0 70626 0
3 Q0 70872 0
3 Q0 70898 0
3 Q0 71510 1
3 Q0 71602 0
3 Q0 72126 0
3 Q0 73106 0
3 Q0 73258 0
3 Q0 74021 0
3 Q0 74351 0
3 Q0 75026 0
3 Q0 75465 0
3 Q0 75919 0
3 Q0 76398 0
3 Q0 76921 1
3 Q0 77047 0
3 Q0 77115 0
3 Q0 77220 0
3 Q0 77294 0
3 Q0 77396 0
3 Q0 77899 0
3 Q0 78051 0
3 Q0 78762 0
3 Q0 78988 0
3 Q0 79358 0
3 Q0 80129 0
3 Q0 80335 0
3 Q0 80904 0
3 Q0 81065 0
3 Q0 81501 0
3 Q0 81613 0
3 Q0 81808 0
3 Q0 81857 0
3 Q0 82337 0
3 Q0 82474 0
3 Q0 82627 0
3 Q0 82637 0
3 Q0 82741 0
3 Q0 82829 0
3 Q0 83436 0
3 Q0 83492 0
3 Q0 84013 0
3 Q0 84374 1
3 Q0 84646 0
3 Q0 85178 0
3 Q0 85310 0
3 Q0 85342 0
3 Q0 85773 1
3 Q0 85849 0
3 Q0 85961 0
3 Q0 86015 0
3 Q0 86229 1
3 Q0 86263 0
3 Q0 86549 0
3 Q0 86667 0
3 Q0 86852 0
3 Q0 87575 0
3 Q0 87613 0
3 Q0 88608 0
3 Q0 88637 0
3 Q0 88641 0
3 Q0 89156 0
3 Q0 89514 0
3 Q0 89530 0
3 Q0 89591 0
3 Q0 90064 0
3 Q0 90115 0
3 Q0 90562 0
3 Q0 90582 0
3 Q0 91441 0
3 Q0 91947 0
3 Q0 91999 0
3 Q0 92161 0
3 Q0 92429 0
3 Q0 92860 0
3 Q0 92925 0
3 Q0 93197 0
3 Q0 93265 0
3 Q0 93579 0
3 Q0 93741 0
3 Q0 94073 0
3 Q0 94745 0
3 Q0 94962 0
3 Q0 95716 0
3 Q0 95832 0
3 Q0 96245 0
3 Q0 96814 0
3 Q0 96849 0
3 Q0 96874 0
3 Q0 97821 0
3 Q0 97829 0
3 Q0 97910 0
3 Q0 98673 0
3 Q0 98811 0
3 Q0 99018 0
3 Q0 99361 0
3 Q0 99977 0
3 Q0 100427 0
3 Q0 100967 0
3 Q0 101267 0
3 Q0 101517 0
3 Q0 101550 0
3 Q0 101855 0
3 Q0 101867 0
3 Q0 101967 0
3 Q0 103311 0
3 Q0 103424 0
3 Q0 103925 0
3 Q0 104181 0
3 Q0 104374 0
3 Q0 104954 0
3 Q0 105203 0
3 Q0 105474 0
3 Q0 106303 0
3 Q0 106473 0
3 Q0 106584 0
3 Q0 106591 0
3 Q0 106859 0
3 Q0 107372 0
3 Q0 107473 0
3 Q0 107650 0
4 Q0 143 0
4 Q0 715 0
4 Q0 2356 0
4 Q0 3829 0
4 Q0 3941 0
4 Q0 5037 0
4 Q0 5341 0
4 Q0 5764 0
4 Q0 5869 0
4 Q0 6148 0
4 Q0 6189 0
4 Q0 6418 0
4 Q0 6710 0
4 Q0 6839 0
4 Q0 7529 0
4 Q0 8051 0
4 Q0 8642 0
4 Q0 8989 0
4 Q0 9311 0
4 Q0 9548 0
4 Q0 10013 0
4 Q0 10502 0
4 Q0 10747 0
4 Q0 13428 0
4 Q0 14238 0
4 Q0 14811 0
4 Q0 14909 0
4 Q0 16987 0
4 Q0 18854 0
4 Q0 19290 0
4 Q0 19725 0
4 Q0 19982 0
4 Q0 20203 0
4 Q0 20700 0
4 Q0 20748 0
4 Q0 21252 0
4 Q0 22162 1
4 Q0 22357 0
4 Q0 22396 1
4 Q0 23162 0
4 Q0 23614 1
4 Q0 24198 0
4 Q0 25221 0
4 Q0 26196 0
4 Q0 26277 0
4 Q0 26302 0
4 Q0 26579 0
4 Q0 27578 0
4 Q0 28606 0
4 Q0 29154 0
4 Q0 32548 0
4 Q0 33362 0
4 Q0 34261 0
4 Q0 34429 0
4 Q0 34757 0
4 Q0 35312 0
4 Q0 36079 0
4 Q0 36362 0
4 Q0 37549 0
4 Q0 37800 0
4 Q0 38062 0
4 Q0 38561 0
4 Q0 38664 0
4 Q0 38763 0
4 Q0 38973 0
4 Q0 39175 0
4 Q0 39339 0
4 Q0 40195 0
4 Q0 40476 0
4 Q0 40617 0
4 Q0 41294 0
4 Q0 41684 0
4 Q0 41864 0
4 Q0 42006 0
4 Q0 43465 0
4 Q0 43580 0
4 Q0 43849 0
4 Q0 44043 1
4 Q0 44273 0
4 Q0 44428 0
4 Q0 45180 0
4 Q0 45294 0
4 Q0 45937 0
4 Q0 46241 0
4 Q0 47415 0
4 Q0 47838 0
4 Q0 48000 0
4 Q0 48030 0
4 Q0 48905 0
4 Q0 49948 0
4 Q0 50448 0
4 Q0 50751 0
4 Q0 51095 0
4 Q0 51364 0
4 Q0 51640 1
4 Q0 51729 0
4 Q0 51766 0
4 Q0 52040 0
4 Q0 52332 0
4 Q0 52570 0
4 Q0 52696 0
4 Q0 53365 0
4 Q0 53634 0
4 Q0 54103 0
4 Q0 54676 0
4 Q0 55228 0
4 Q0 55824 1
4 Q0 55944 0
4 Q0 56224 0
4 Q0 57777 0
4 Q0 58008 0
4 Q0 58702 0
4 Q0 61826 0
4 Q0 61874 0
4 Q0 62093 0
4 Q0 62253 0
4 Q0 62339 0
4 Q0 62595 0
4 Q0 62626 0
4 Q0 62981 0
4 Q0 63985 0
4 Q0 64093 1
4 Q0 65144 0
4 Q0 66212 0
4 Q0 67789 0
4 Q0 68154 0
4 Q0 69517 0
4 Q0 69759 0
4 Q0 69825 0
4 Q0 69828 0
4 Q0 70762 0
4 Q0 71003 0
4 Q0 71005 0
4 Q0 71030 0
4 Q0 73607 0
4 Q0 74242 0
4 Q0 74997 0
4 Q0 75096 0
4 Q0 75671 0
4 Q0 75754 0
4 Q0 75919 0
4 Q0 76729 0
4 Q0 76813 0
4 Q0 76936 0
4 Q0 77553 0
4 Q0 78909 0
4 Q0 79703 0
4 Q0 80986 0
4 Q0 81535 0
4 Q0 83203 0
4 Q0 84491 0
4 Q0 84510 0
4 Q0 85254 0
4 Q0 85838 0
4 Q0 86003 0
4 Q0 87584 0
4 Q0 88147 0
4 Q0 89188 0
4 Q0 89396 0
4 Q0 89566 1
4 Q0 89839 0
4 Q0 90040 1
4 Q0 90061 0
4 Q0 90471 0
4 Q0 90535 0
4 Q0 90586 0
4 Q0 91155 0
4 Q0 91317 0
4 Q0 91531 0
4 Q0 91894 0
4 Q0 92452 0
4 Q0 92612 0
4 Q0 93506 0
4 Q0 94247 0
4 Q0 94383 0
4 Q0 95451 0
4 Q0 95851 0
4 Q0 95910 0
4 Q0 96018 0
4 Q0 96305 0
4 Q0 97426 0
4 Q0 98344 0
4 Q0 98860 0
4 Q0 100187 0
4 Q0 100351 0
4 Q0 100471 0
4 Q0 100873 1
4 Q0 101045 1
4 Q0 101732 0
4 Q0 102184 0
4 Q0 102320 0
4 Q0 102875 0
4 Q0 103293 0
4 Q0 105451 0
4 Q0 105860 0
4 Q0 105928 0
4 Q0 106626 0
4 Q0 106899 0
4 Q0 107408 0
4 Q0 107749 0
5 Q0 227 0
5 Q0 546 0
5 Q0 1087 0
5 Q0 1712 0
5 Q0 1925 0
5 Q0 2108 0
5 Q0 2371 0
5 Q0 2390 0
5 Q0 2416 0
5 Q0 2809 0
5 Q0 2921 0
5 Q0 3742 0
5 Q0 3936 0
5 Q0 4609 0
5 Q0 4878 1
5 Q0 5262 0
5 Q0 6059 0
5 Q0 6139 0
5 Q0 7035 0
5 Q0 7126 0
5 Q0 7782 0
5 Q0 8006 0
5 Q0 8248 0
5 Q0 8300 0
5 Q0 9357 0
5 Q0 9957 0
5 Q0 10435 1
5 Q0 10493 0
5 Q0 11728 0
5 Q0 12360 0
5 Q0 12559 0
5 Q0 13142 0
5 Q0 13235 0
5 Q0 13240 0
5 Q0 13290 0
5 Q0 13826 0
5 Q0 14048 0
5 Q0 14511 0
5 Q0 14762 0
5 Q0 15053 0
5 Q0 15062 0
5 Q0 15065 0
5 Q0 15865 0
5 Q0 15894 0
5 Q0 16100 1
5 Q0 16786 0
5 Q0 17874 0
5 Q0 19118 0
5 Q0 19164 0
5 Q0 19691 0
5 Q0 19713 0
5 Q0 19996 0
5 Q0 20514 1
5 Q0 21645 0
5 Q0 22000 0
5 Q0 22078 0
5 Q0 22414 0
5 Q0 23450 0
5 Q0 23520 0
5 Q0 23811 0
5 Q0 23870 0
5 Q0 23905 0
5 Q0 24032 0
5 Q0 24433 1
5 Q0 24939 0
5 Q0 25663 0
5 Q0 25873 0
5 Q0 26419 0
5 Q0 26456 0
5 Q0 27281 0
5 Q0 28905 0
5 Q0 29299 0
5 Q0 29754 0
5 Q0 29904 0
5 Q0 31763 0
5 Q0 32217 0
5 Q0 32639 0
5 Q0 32685 0
5 Q0 33460 0
5 Q0 34121 0
5 Q0 34427 0
5 Q0 34552 0
5 Q0 35753 0
5 Q0 35891 0
5 Q0 36006 0
5 Q0 36208 0
5 Q0 36226 0
5 Q0 37178 1
5 Q0 37500 0
5 Q0 39590 0
5 Q0 39654 0
5 Q0 39691 0
5 Q0 40433 0
5 Q0 40695 0
5 Q0 42052 0
5 Q0 44072 0
5 Q0 45156 0
5 Q0 45364 0
5 Q0 45719 0
5 Q0 46020 0
5 Q0 46307 0
5 Q0 46483 0
5 Q0 47128 0
5 Q0 48035 0
5 Q0 48558 0
5 Q0 48784 0
5 Q0 49374 0
5 Q0 50688 0
5 Q0 50711 0
5 Q0 52082 0
5 Q0 52094 0
5 Q0 52731 0
5 Q0 53273 0
5 Q0 53280 0
5 Q0 53633 0
5 Q0 53762 0
5 Q0 54829 0
5 Q0 54908 0
5 Q0 55005 0
5 Q0 55073 0
5 Q0 55489 0
5 Q0 55667 0
5 Q0 56773 0
5 Q0 56892 0
5 Q0 56945 1
5 Q0 58138 0
5 Q0 58185 0
5 Q0 59236 0
5 Q0 59985 0
5 Q0 60017 0
5 Q0 61331 0
5 Q0 61385 0
5 Q0 61639 1
5 Q0 62132 0
5 Q0 62162 0
5 Q0 62851 0
5 Q0 63193 0
5 Q0 64606 0
5 Q0 65271 0
5 Q0 65629 0
5 Q0 65701 0
5 Q0 67450 0
5 Q0 67808 0
5 Q0 68409 0
5 Q0 68417 0
5 Q0 69239 0
5 Q0 69642 0
5 Q0 70050 0
5 Q0 70205 0
5 Q0 70749 0
5 Q0 70789 0
5 Q0 71524 0
5 Q0 71840 0
5 Q0 71988 0
5 Q0 72003 0
5 Q0 72643 0
5 Q0 72965 1
5 Q0 73355 0
5 Q0 73803 0
5 Q0 73860 0
5 Q0 73881 0
5 Q0 73960 0
5 Q0 75312 0
5 Q0 75387 0
5 Q0 75624 0
5 Q0 75688 0
5 Q0 75888 0
5 Q0 75919 0
5 Q0 76005 0
5 Q0 76359 0
5 Q0 77220 0
5 Q0 77899 0
5 Q0 78166 0
5 Q0 78761 0
5 Q0 79028 0
5 Q0 80029 0
5 Q0 80453 0
5 Q0 81065 0
5 Q0 81098 0
5 Q0 82412 0
5 Q0 82594 0
5 Q0 82679 0
5 Q0 82804 0
5 Q0 82946 0
5 Q0 83598 0
5 Q0 84084 0
5 Q0 84929 0
5 Q0 84973 0
5 Q0 86221 0
5 Q0 86416 0
5 Q0 87614 1
5 Q0 87846 0
5 Q0 88187 0
5 Q0 88518 0
5 Q0 88564 0
5 Q0 88668 0
5 Q0 88684 0
5 Q0 89705 0
5 Q0 89899 0
5 Q0 90140 0
5 Q0 90576 0
5 Q0 90776 0
5 Q0 90813 0
5 Q0 91044 0
5 Q0 91417 0
5 Q0 91876 0
5 Q0 92069 0
5 Q0 92794 0
5 Q0 93013 0
5 Q0 93487 0
5 Q0 94130 0
5 Q0 94525 0
5 Q0 95322 0
5 Q0 95349 0
5 Q0 95415 0
5 Q0 96607 0
5 Q0 96745 0
5 Q0 97388 0
5 Q0 97393 0
5 Q0 97524 0
5 Q0 97540 0
5 Q0 97553 0
5 Q0 97907 0
5 Q0 98225 0
5 Q0 98293 0
5 Q0 98737 0
5 Q0 102022 0
5 Q0 102322 0
5 Q0 102705 0
5 Q0 102969 0
5 Q0 103029 0
5 Q0 104194 0
5 Q0 104686 0
5 Q0 104843 0
5 Q0 105300 0
5 Q0 105411 0
5 Q0 106859 0
5 Q0 107062 1
5 Q0 107165 0
5 Q0 107372 0
5 Q0 107810 0
7 Q0 62 0
7 Q0 133 0
7 Q0 361 0
7 Q0 446 0
7 Q0 721 0
7 Q0 823 0
7 Q0 1065 0
7 Q0 1410 0
7 Q0 1874 0
7 Q0 2129 0
7 Q0 2305 0
7 Q0 2560 0
7 Q0 2582 0
7 Q0 2739 0
7 Q0 2853 0
7 Q0 3081 0
7 Q0 3268 0
7 Q0 3760 0
7 Q0 4237 0
7 Q0 4394 0
7 Q0 4976 0
7 Q0 4983 0
7 Q0 5525 1
7 Q0 5819 0
7 Q0 6317 1
7 Q0 6911 0
7 Q0 6991 0
7 Q0 7036 0
7 Q0 7608 0
7 Q0 8666 0
7 Q0 9332 0
7 Q0 9636 1
7 Q0 9729 0
7 Q0 10241 0
7 Q0 10532 0
7 Q0 10618 0
7 Q0 10683 0
7 Q0 10700 0
7 Q0 10716 0
7 Q0 11127 0
7 Q0 11131 0
7 Q0 11626 0
7 Q0 11954 0
7 Q0 12573 0
7 Q0 12923 0
7 Q0 13096 0
7 Q0 13484 0
7 Q0 13672 0
7 Q0 13798 0
7 Q0 13905 0
7 Q0 15299 0
7 Q0 15854 0
7 Q0 16294 0
7 Q0 16811 0
7 Q0 16876 0
7 Q0 16948 0
7 Q0 17057 0
7 Q0 17368 0
7 Q0 17383 0
7 Q0 17421 0
7 Q0 17466 0
7 Q0 18069 0
7 Q0 18074 0
7 Q0 18223 0
7 Q0 18269 0
7 Q0 18339 0
7 Q0 18410 0
7 Q0 18422 0
7 Q0 18445 0
7 Q0 18464 0
7 Q0 18637 0
7 Q0 19714 0
7 Q0 19765 0
7 Q0 20431 0
7 Q0 21040 1
7 Q0 21335 0
7 Q0 21741 0
7 Q0 22129 0
7 Q0 22334 0
7 Q0 22464 0
7 Q0 22865 0
7 Q0 22923 0
7 Q0 23064 0
7 Q0 23242 0
7 Q0 23738 0
7 Q0 24096 0
7 Q0 25654 0
7 Q0 25799 0
7 Q0 26376 0
7 Q0 26382 0
7 Q0 26495 0
7 Q0 26789 0
7 Q0 26934 0
7 Q0 27142 0
7 Q0 27869 0
7 Q0 28562 0
7 Q0 28938 0
7 Q0 30370 0
7 Q0 30539 0
7 Q0 30673 0
7 Q0 31362 0
7 Q0 31710 0
7 Q0 32112 0
7 Q0 32338 0
7 Q0 32608 0
7 Q0 33454 0
7 Q0 33941 0
7 Q0 33947 0
7 Q0 34012 0
7 Q0 34105 1
7 Q0 34128 0
7 Q0 34174 0
7 Q0 34251 0
7 Q0 34314 0
7 Q0 34481 0
7 Q0 34940 0
7 Q0 36059 0
7 Q0 36353 0
7 Q0 36496 0
7 Q0 37151 0
7 Q0 37593 1
7 Q0 38067 0
7 Q0 38363 0
7 Q0 38424 0
7 Q0 38559 0
7 Q0 39192 0
7 Q0 39215 0
7 Q0 39534 0
7 Q0 40295 0
7 Q0 40613 0
7 Q0 40850 0
7 Q0 41248 0
7 Q0 41424 0
7 Q0 41655 0
7 Q0 41813 0
7 Q0 41893 0
7 Q0 42305 0
7 Q0 42321 0
7 Q0 42724 0
7 Q0 43003 0
7 Q0 43119 0
7 Q0 43575 0
7 Q0 43937 0
7 Q0 44012 0
7 Q0 44338 0
7 Q0 44461 0
7 Q0 45020 0
7 Q0 45215 0
7 Q0 46760 0
7 Q0 46930 0
7 Q0 47690 0
7 Q0 47745 0
7 Q0 47830 0
7 Q0 47861 0
7 Q0 48111 0
7 Q0 48246 0
7 Q0 48409 0
7 Q0 48843 0
7 Q0 48886 0
7 Q0 49067 0
7 Q0 49151 0
7 Q0 49319 0
7 Q0 49871 0
7 Q0 49971 0
7 Q0 50177 0
7 Q0 50486 0
7 Q0 50516 0
7 Q0 50774 1
7 Q0 50833 0
7 Q0 50940 0
7 Q0 51689 0
7 Q0 51805 0
7 Q0 52458 0
7 Q0 52630 0
7 Q0 52851 0
7 Q0 52884 0
7 Q0 53371 0
7 Q0 53725 0
7 Q0 53852 0
7 Q0 54035 0
7 Q0 54042 0
7 Q0 54345 0
7 Q0 55092 0
7 Q0 55214 0
7 Q0 55355 0
7 Q0 55691 0
7 Q0 55691 1
7 Q0 55965 0
7 Q0 56311 0
7 Q0 57057 0
7 Q0 57347 0
7 Q0 57615 0
7 Q0 57940 0
7 Q0 59112 0
7 Q0 59427 0
7 Q0 59642 0
7 Q0 60337 0
7 Q0 61661 0
7 Q0 61804 1
7 Q0 62091 0
7 Q0 62537 0
7 Q0 62901 0
7 Q0 62921 0
7 Q0 63128 0
7 Q0 63336 0
7 Q0 63819 0
7 Q0 64284 0
7 Q0 64341 0
7 Q0 65129 0
7 Q0 66013 0
7 Q0 66127 0
7 Q0 66607 0
7 Q0 66650 0
7 Q0 67245 0
7 Q0 67405 0
7 Q0 67512 0
7 Q0 67523 0
7 Q0 67684 0
7 Q0 67914 0
7 Q0 68174 0
7 Q0 68277 0
7 Q0 68488 0
7 Q0 68562 0
7 Q0 68587 0
7 Q0 68957 0
7 Q0 69205 0
7 Q0 69309 0
7 Q0 69544 0
7 Q0 69807 0
7 Q0 70628 0
7 Q0 70861 0
7 Q0 70974 0
7 Q0 71426 0
7 Q0 72438 0
7 Q0 72723 0
7 Q0 73284 0
7 Q0 75401 0
7 Q0 75561 0
7 Q0 75583 0
7 Q0 76252 0
7 Q0 76514 0
7 Q0 77150 0
7 Q0 77307 0
7 Q0 77325 0
7 Q0 77680 0
7 Q0 78367 0
7 Q0 78376 0
7 Q0 78495 0
7 Q0 78766 0
7 Q0 78892 0
7 Q0 79462 0
7 Q0 79994 0
7 Q0 80087 0
7 Q0 80307 0
7 Q0 81620 0
7 Q0 81841 0
7 Q0 82874 0
7 Q0 83173 0
7 Q0 83182 0
7 Q0 83602 0
7 Q0 83624 0
7 Q0 83729 0
7 Q0 84807 0
7 Q0 84808 0
7 Q0 85007 0
7 Q0 85318 0
7 Q0 85730 0
7 Q0 85851 0
7 Q0 85933 0
7 Q0 85998 0
7 Q0 86491 0
7 Q0 87210 0
7 Q0 87804 0
7 Q0 87843 0
7 Q0 88292 0
7 Q0 88810 0
7 Q0 89276 0
7 Q0 89741 0
7 Q0 90543 0
7 Q0 90796 0
7 Q0 90923 0
7 Q0 90925 0
7 Q0 91887 0
7 Q0 92006 0
7 Q0 92286 1
7 Q0 92540 0
7 Q0 92736 0
7 Q0 92799 0
7 Q0 92902 0
7 Q0 93659 0
7 Q0 93901 0
7 Q0 93907 0
7 Q0 95421 0
7 Q0 95468 0
7 Q0 96097 0
7 Q0 96241 0
7 Q0 96485 0
7 Q0 97193 0
7 Q0 98235 0
7 Q0 98431 0
7 Q0 98861 0
7 Q0 99172 0
7 Q0 99578 0
7 Q0 99619 0
7 Q0 99712 0
7 Q0 100206 0
7 Q0 100531 0
7 Q0 101813 0
7 Q0 101828 0
7 Q0 102873 0
7 Q0 102881 0
7 Q0 103836 0
7 Q0 104357 0
7 Q0 104410 0
7 Q0 104524 0
7 Q0 104643 0
7 Q0 106154 0
7 Q0 106397 0
7 Q0 106965 0
7 Q0 107111 0
7 Q0 107168 0
7 Q0 107226 0
11 Q0 321 0
11 Q0 801 0
11 Q0 1122 0
11 Q0 1430 0
11 Q0 1712 0
11 Q0 1753 0
11 Q0 2293 0
11 Q0 2484 0
11 Q0 4234 0
11 Q0 4401 0
11 Q0 4492 0
11 Q0 4675 0
11 Q0 5053 0
11 Q0 5296 0
11 Q0 5362 0
11 Q0 5414 0
11 Q0 5841 0
11 Q0 5976 0
11 Q0 6359 0
11 Q0 6773 0
11 Q0 7260 0
11 Q0 7693 0
11 Q0 8836 0
11 Q0 9235 0
11 Q0 9684 0
11 Q0 9695 0
11 Q0 10533 0
11 Q0 11795 0
11 Q0 12424 0
11 Q0 12827 0
11 Q0 13239 0
11 Q0 13417 0
11 Q0 13858 0
11 Q0 13908 0
11 Q0 14127 0
11 Q0 14835 0
11 Q0 15167 0
11 Q0 15344 0
11 Q0 15858 0
11 Q0 15940 0
11 Q0 16773 0
11 Q0 16938 0
11 Q0 17383 0
11 Q0 17640 0
11 Q0 17939 0
11 Q0 20066 0
11 Q0 20159 0
11 Q0 20364 0
11 Q0 20436 0
11 Q0 21640 0
11 Q0 22528 1
11 Q0 22730 0
11 Q0 22759 0
11 Q0 23527 0
11 Q0 24200 0
11 Q0 24345 0
11 Q0 24616 0
11 Q0 24999 0
11 Q0 25698 0
11 Q0 26432 0
11 Q0 26573 0
11 Q0 26937 0
11 Q0 27044 0
11 Q0 28143 0
11 Q0 28286 0
11 Q0 28415 0
11 Q0 29754 0
11 Q0 30332 0
11 Q0 30679 0
11 Q0 30774 0
11 Q0 30869 1
11 Q0 31573 0
11 Q0 32845 0
11 Q0 33363 0
11 Q0 33551 0
11 Q0 34578 0
11 Q0 34579 0
11 Q0 34720 0
11 Q0 35023 0
11 Q0 35269 1
11 Q0 35386 0
11 Q0 35466 0
11 Q0 35753 0
11 Q0 36179 0
11 Q0 37218 0
11 Q0 37473 0
11 Q0 38157 0
11 Q0 39081 0
11 Q0 39454 0
11 Q0 39611 0
11 Q0 39719 0
11 Q0 39828 0
11 Q0 39852 0
11 Q0 40398 0
11 Q0 40442 0
11 Q0 40797 0
11 Q0 41052 0
11 Q0 41614 0
11 Q0 41640 0
11 Q0 42033 0
11 Q0 42714 0
11 Q0 43580 0
11 Q0 43999 0
11 Q0 44440 0
11 Q0 44662 0
11 Q0 44752 0
11 Q0 44829 0
11 Q0 45083 0
11 Q0 45751 0
11 Q0 45967 0
11 Q0 46068 1
11 Q0 46531 0
11 Q0 47723 0
11 Q0 48168 0
11 Q0 49505 0
11 Q0 49753 0
11 Q0 49854 0
11 Q0 50541 0
11 Q0 50878 0
11 Q0 52260 0
11 Q0 52315 1
11 Q0 52688 0
11 Q0 53591 0
11 Q0 53811 0
11 Q0 53813 0
11 Q0 53841 0
11 Q0 54345 0
11 Q0 54773 0
11 Q0 54853 0
11 Q0 55684 0
11 Q0 55864 0
11 Q0 57615 0
11 Q0 57862 0
11 Q0 57933 0
11 Q0 59088 0
11 Q0 60582 0
11 Q0 60623 0
11 Q0 60909 0
11 Q0 61371 0
11 Q0 62550 0
11 Q0 63196 1
11 Q0 63269 0
11 Q0 64969 0
11 Q0 65108 0
11 Q0 65140 0
11 Q0 67042 0
11 Q0 67124 0
11 Q0 67765 0
11 Q0 68424 0
11 Q0 68899 0
11 Q0 69259 0
11 Q0 69759 0
11 Q0 70321 0
11 Q0 70955 0
11 Q0 71803 0
11 Q0 71927 0
11 Q0 72036 0
11 Q0 72311 0
11 Q0 72622 0
11 Q0 72968 0
11 Q0 73324 1
11 Q0 73407 0
11 Q0 73583 0
11 Q0 73980 0
11 Q0 75026 0
11 Q0 75213 0
11 Q0 75765 0
11 Q0 75919 0
11 Q0 75990 0
11 Q0 76470 1
11 Q0 78305 0
11 Q0 78364 0
11 Q0 78533 0
11 Q0 78718 0
11 Q0 79770 0
11 Q0 80095 0
11 Q0 80619 0
11 Q0 80921 0
11 Q0 81101 0
11 Q0 81570 0
11 Q0 81611 0
11 Q0 82266 0
11 Q0 82946 0
11 Q0 84123 0
11 Q0 84266 0
11 Q0 85447 0
11 Q0 85988 0
11 Q0 87340 0
11 Q0 87720 0
11 Q0 87791 0
11 Q0 88491 0
11 Q0 88595 0
11 Q0 88639 0
11 Q0 88837 0
11 Q0 89448 0
11 Q0 89971 0
11 Q0 90123 0
11 Q0 90341 1
11 Q0 91233 0
11 Q0 91514 0
11 Q0 91835 0
11 Q0 92089 0
11 Q0 92825 0
11 Q0 93151 0
11 Q0 93418 0
11 Q0 93721 0
11 Q0 94105 0
11 Q0 94211 0
11 Q0 95670 0
11 Q0 95895 0
11 Q0 96246 0
11 Q0 97314 0
11 Q0 98148 0
11 Q0 98173 1
11 Q0 98224 0
11 Q0 98950 0
11 Q0 100613 0
11 Q0 100837 0
11 Q0 100870 1
11 Q0 101215 0
11 Q0 101267 0
11 Q0 101316 0
11 Q0 101533 0
11 Q0 101941 0
11 Q0 102089 0
11 Q0 102253 0
11 Q0 102947 0
11 Q0 103692 0
11 Q0 103739 0
11 Q0 104248 0
11 Q0 104353 0
11 Q0 104390 0
11 Q0 104912 0
11 Q0 105537 0
11 Q0 105865 0
11 Q0 106146 0
11 Q0 106262 0
11 Q0 106591 0
11 Q0 107067 0
11 Q0 107116 0
11 Q0 107243 0
11 Q0 107256 0
11 Q0 107341 0
11 Q0 107352 0
11 Q0 107372 0
11 Q0 107749 0
11 Q0 107767 0
12 Q0 134 0
12 Q0 1224 0
12 Q0 1868 0
12 Q0 2371 0
12 Q0 3475 0
12 Q0 3511 0
12 Q0 3987 0
12 Q0 4306 0
12 Q0 4487 1
12 Q0 5377 1
12 Q0 5781 0
12 Q0 6148 0
12 Q0 6629 0
12 Q0 6854 0
12 Q0 7306 0
12 Q0 9904 0
12 Q0 9984 0
12 Q0 10747 0
12 Q0 10799 0
12 Q0 10923 0
12 Q0 11718 0
12 Q0 11854 0
12 Q0 13262 0
12 Q0 13609 0
12 Q0 13696 0
12 Q0 14811 0
12 Q0 14909 0
12 Q0 15306 0
12 Q0 15580 0
12 Q0 15974 0
12 Q0 16003 0
12 Q0 16567 0
12 Q0 16650 0
12 Q0 17917 0
12 Q0 17934 0
12 Q0 18285 0
12 Q0 18854 0
12 Q0 19290 0
12 Q0 20023 0
12 Q0 21168 0
12 Q0 21533 0
12 Q0 21726 0
12 Q0 21779 0
12 Q0 22357 0
12 Q0 22510 1
12 Q0 23199 0
12 Q0 23680 0
12 Q0 23722 0
12 Q0 24939 0
12 Q0 25306 0
12 Q0 25795 0
12 Q0 26363 0
12 Q0 26828 0
12 Q0 26913 0
12 Q0 28019 1
12 Q0 28313 0
12 Q0 28496 0
12 Q0 28498 0
12 Q0 29058 0
12 Q0 29356 0
12 Q0 29766 0
12 Q0 29788 0
12 Q0 31087 0
12 Q0 31500 0
12 Q0 31526 0
12 Q0 31887 0
12 Q0 32135 0
12 Q0 32383 0
12 Q0 32685 1
12 Q0 34052 0
12 Q0 34214 0
12 Q0 34721 0
12 Q0 35226 0
12 Q0 35324 0
12 Q0 37388 0
12 Q0 37549 1
12 Q0 37861 0
12 Q0 38561 0
12 Q0 38692 0
12 Q0 38709 0
12 Q0 38807 0
12 Q0 38878 0
12 Q0 38973 0
12 Q0 39666 0
12 Q0 39791 0
12 Q0 39978 0
12 Q0 40428 0
12 Q0 41294 0
12 Q0 42902 0
12 Q0 43963 0
12 Q0 44051 0
12 Q0 44149 0
12 Q0 44374 0
12 Q0 44943 0
12 Q0 45700 0
12 Q0 46005 0
12 Q0 46684 0
12 Q0 47723 0
12 Q0 48666 0
12 Q0 49110 0
12 Q0 50280 0
12 Q0 50316 1
12 Q0 51929 0
12 Q0 52688 0
12 Q0 52696 0
12 Q0 52704 0
12 Q0 52736 0
12 Q0 53153 0
12 Q0 53466 0
12 Q0 54283 0
12 Q0 54335 0
12 Q0 54683 0
12 Q0 56224 0
12 Q0 56348 0
12 Q0 57635 0
12 Q0 57987 0
12 Q0 58092 0
12 Q0 58261 0
12 Q0 58465 0
12 Q0 59005 0
12 Q0 59826 0
12 Q0 59982 0
12 Q0 60012 0
12 Q0 60014 0
12 Q0 60595 0
12 Q0 61282 0
12 Q0 61507 0
12 Q0 62851 0
12 Q0 62903 0
12 Q0 62981 0
12 Q0 64275 0
12 Q0 64773 0
12 Q0 64780 0
12 Q0 64983 0
12 Q0 65106 0
12 Q0 65136 0
12 Q0 66533 0
12 Q0 66560 0
12 Q0 66834 0
12 Q0 66877 0
12 Q0 67808 0
12 Q0 68154 0
12 Q0 68321 0
12 Q0 68533 0
12 Q0 69006 0
12 Q0 69307 0
12 Q0 69759 0
12 Q0 70626 0
12 Q0 70762 0
12 Q0 71005 0
12 Q0 72445 0
12 Q0 72952 0
12 Q0 73664 0
12 Q0 74074 0
12 Q0 74174 0
12 Q0 74434 0
12 Q0 75003 0
12 Q0 75092 0
12 Q0 75435 0
12 Q0 75919 0
12 Q0 76019 1
12 Q0 76813 0
12 Q0 77966 0
12 Q0 78344 0
12 Q0 78381 0
12 Q0 79084 0
12 Q0 79160 0
12 Q0 79705 0
12 Q0 80119 0
12 Q0 80921 1
12 Q0 81086 0
12 Q0 81405 0
12 Q0 81857 0
12 Q0 82474 0
12 Q0 83360 0
12 Q0 83915 0
12 Q0 84035 0
12 Q0 84491 0
12 Q0 85950 0
12 Q0 86070 0
12 Q0 86667 0
12 Q0 86785 0
12 Q0 87119 0
12 Q0 87390 0
12 Q0 87816 0
12 Q0 87873 0
12 Q0 88326 0
12 Q0 89015 0
12 Q0 89396 0
12 Q0 89804 0
12 Q0 90245 0
12 Q0 90819 0
12 Q0 90930 0
12 Q0 91099 1
12 Q0 91424 0
12 Q0 91999 0
12 Q0 92452 0
12 Q0 92481 0
12 Q0 92819 0
12 Q0 92883 0
12 Q0 92912 0
12 Q0 93290 0
12 Q0 93312 0
12 Q0 93892 0
12 Q0 94075 0
12 Q0 94133 0
12 Q0 94985 1
12 Q0 95462 1
12 Q0 95646 0
12 Q0 96991 0
12 Q0 97520 0
12 Q0 97638 0
12 Q0 98060 0
12 Q0 98605 0
12 Q0 99018 0
12 Q0 99098 0
12 Q0 99579 0
12 Q0 100191 0
12 Q0 100302 0
12 Q0 100351 0
12 Q0 100608 0
12 Q0 100952 0
12 Q0 102320 0
12 Q0 102418 0
12 Q0 103081 0
12 Q0 103729 0
12 Q0 104339 0
12 Q0 104489 0
12 Q0 104514 0
12 Q0 105479 0
12 Q0 105928 0
12 Q0 106047 0
12 Q0 106879 0
12 Q0 106914 0
12 Q0 107282 0
12 Q0 107749 0
13 Q0 372 0
13 Q0 1101 0
13 Q0 1564 0
13 Q0 1787 0
13 Q0 2144 0
13 Q0 2343 0
13 Q0 2512 0
13 Q0 3167 1
13 Q0 3417 0
13 Q0 3446 0
13 Q0 3640 1
13 Q0 4299 0
13 Q0 5123 0
13 Q0 5222 0
13 Q0 5467 0
13 Q0 5521 0
13 Q0 6039 0
13 Q0 6040 0
13 Q0 6714 0
13 Q0 7128 1
13 Q0 7572 0
13 Q0 8429 0
13 Q0 8440 0
13 Q0 10257 0
13 Q0 10980 0
13 Q0 11645 0
13 Q0 12222 1
13 Q0 13155 0
13 Q0 13239 1
13 Q0 13536 0
13 Q0 13546 0
13 Q0 14428 0
13 Q0 14762 0
13 Q0 15190 0
13 Q0 15266 0
13 Q0 15880 0
13 Q0 16122 0
13 Q0 16744 0
13 Q0 16812 0
13 Q0 17766 0
13 Q0 17781 0
13 Q0 18472 0
13 Q0 18747 0
13 Q0 18889 0
13 Q0 18986 0
13 Q0 19095 0
13 Q0 19269 0
13 Q0 19289 0
13 Q0 20383 0
13 Q0 20824 0
13 Q0 20829 1
13 Q0 21846 0
13 Q0 22013 0
13 Q0 22134 0
13 Q0 22311 0
13 Q0 22472 0
13 Q0 22500 0
13 Q0 22750 0
13 Q0 23722 0
13 Q0 24175 0
13 Q0 24522 1
13 Q0 25114 0
13 Q0 25180 0
13 Q0 25698 1
13 Q0 25864 1
13 Q0 26129 0
13 Q0 26581 0
13 Q0 26591 0
13 Q0 26939 0
13 Q0 27899 0
13 Q0 28013 0
13 Q0 28690 0
13 Q0 29047 0
13 Q0 29352 0
13 Q0 30031 0
13 Q0 30366 0
13 Q0 31412 0
13 Q0 31433 0
13 Q0 31487 0
13 Q0 31526 0
13 Q0 31710 0
13 Q0 31813 0
13 Q0 31830 0
13 Q0 33021 1
13 Q0 33177 0
13 Q0 33633 0
13 Q0 34481 0
13 Q0 34600 0
13 Q0 34841 0
13 Q0 35101 0
13 Q0 35156 0
13 Q0 36365 1
13 Q0 36372 0
13 Q0 36568 0
13 Q0 37195 0
13 Q0 37549 0
13 Q0 37627 0
13 Q0 37943 0
13 Q0 38171 1
13 Q0 38259 0
13 Q0 38397 0
13 Q0 39143 0
13 Q0 39153 0
13 Q0 39216 0
13 Q0 39691 0
13 Q0 39765 0
13 Q0 39896 0
13 Q0 40186 0
13 Q0 40259 0
13 Q0 40458 0
13 Q0 40753 0
13 Q0 40861 1
13 Q0 41067 0
13 Q0 41669 0
13 Q0 42106 0
13 Q0 43148 0
13 Q0 43580 0
13 Q0 43905 0
13 Q0 43951 0
13 Q0 44080 0
13 Q0 44273 0
13 Q0 46041 1
13 Q0 46042 0
13 Q0 46149 0
13 Q0 46877 0
13 Q0 47033 0
13 Q0 47117 0
13 Q0 47221 1
13 Q0 47292 0
13 Q0 47723 1
13 Q0 49144 0
13 Q0 49227 0
13 Q0 50116 0
13 Q0 50190 0
13 Q0 50290 0
13 Q0 50436 1
13 Q0 50763 0
13 Q0 50889 0
13 Q0 51493 0
13 Q0 52332 0
13 Q0 52520 0
13 Q0 52571 0
13 Q0 52819 0
13 Q0 52969 0
13 Q0 53150 0
13 Q0 53347 0
13 Q0 53418 0
13 Q0 53634 0
13 Q0 53813 0
13 Q0 53830 0
13 Q0 54177 0
13 Q0 54189 0
13 Q0 54297 0
13 Q0 54345 0
13 Q0 54523 1
13 Q0 54829 0
13 Q0 54880 0
13 Q0 55390 0
13 Q0 56546 0
13 Q0 56636 1
13 Q0 57221 0
13 Q0 57719 0
13 Q0 58581 0
13 Q0 58752 0
13 Q0 58784 0
13 Q0 59155 0
13 Q0 60067 0
13 Q0 60161 0
13 Q0 60693 0
13 Q0 61099 0
13 Q0 61351 0
13 Q0 61384 0
13 Q0 61385 0
13 Q0 61447 0
13 Q0 61469 0
13 Q0 61711 1
13 Q0 62755 1
13 Q0 63576 0
13 Q0 64022 0
13 Q0 64211 0
13 Q0 64799 0
13 Q0 65565 0
13 Q0 65891 0
13 Q0 66371 0
13 Q0 66820 0
13 Q0 66822 0
13 Q0 67100 0
13 Q0 67472 0
13 Q0 67515 0
13 Q0 67699 0
13 Q0 67807 0
13 Q0 68040 0
13 Q0 68321 0
13 Q0 68409 0
13 Q0 68689 0
13 Q0 68877 0
13 Q0 69696 0
13 Q0 70358 0
13 Q0 70424 0
13 Q0 70809 0
13 Q0 71145 0
13 Q0 71181 0
13 Q0 71490 1
13 Q0 71689 0
13 Q0 72108 0
13 Q0 73184 0
13 Q0 73187 0
13 Q0 73533 0
13 Q0 73653 0
13 Q0 73901 0
13 Q0 74062 0
13 Q0 74074 0
13 Q0 74540 0
13 Q0 76052 0
13 Q0 76176 0
13 Q0 76434 0
13 Q0 76792 0
13 Q0 76813 0
13 Q0 76931 0
13 Q0 77084 0
13 Q0 77422 0
13 Q0 78669 0
13 Q0 78762 0
13 Q0 78851 0
13 Q0 79060 0
13 Q0 79236 0
13 Q0 79549 1
13 Q0 80722 0
13 Q0 81147 0
13 Q0 84097 0
13 Q0 84623 0
13 Q0 85700 0
13 Q0 85718 0
13 Q0 85719 0
13 Q0 85863 0
13 Q0 86963 0
13 Q0 86983 0
13 Q0 87084 0
13 Q0 87128 0
13 Q0 87730 0
13 Q0 87791 0
13 Q0 87922 0
13 Q0 88635 0
13 Q0 88866 0
13 Q0 88889 0
13 Q0 88902 0
13 Q0 89654 0
13 Q0 89754 0
13 Q0 90133 0
13 Q0 90619 0
13 Q0 91396 0
13 Q0 92716 0
13 Q0 93983 0
13 Q0 94261 0
13 Q0 95585 0
13 Q0 96097 0
13 Q0 96241 0
13 Q0 96704 0
13 Q0 97499 0
13 Q0 97564 0
13 Q0 97777 0
13 Q0 97923 0
13 Q0 98282 0
13 Q0 98332 0
13 Q0 98454 0
13 Q0 98597 0
13 Q0 98621 0
13 Q0 98803 0
13 Q0 99197 0
13 Q0 99777 0
13 Q0 101267 0
13 Q0 101984 0
13 Q0 102250 0
13 Q0 102565 0
13 Q0 102570 0
13 Q0 102910 0
13 Q0 103326 0
13 Q0 103968 0
13 Q0 104643 1
13 Q0 104975 0
13 Q0 105988 0
13 Q0 106312 0
13 Q0 106342 0
13 Q0 106423 0
13 Q0 106470 0
13 Q0 106626 0
13 Q0 107126 0
13 Q0 107752 0
14 Q0 77 0
14 Q0 363 0
14 Q0 446 0
14 Q0 813 0
14 Q0 1065 0
14 Q0 1308 0
14 Q0 1704 0
14 Q0 2474 0
14 Q0 2582 0
14 Q0 2676 0
14 Q0 2889 0
14 Q0 2975 0
14 Q0 3524 0
14 Q0 3864 1
14 Q0 4615 0
14 Q0 4976 0
14 Q0 5222 0
14 Q0 5283 0
14 Q0 5521 0
14 Q0 5638 0
14 Q0 5690 0
14 Q0 5819 0
14 Q0 6047 0
14 Q0 6616 1
14 Q0 7635 0
14 Q0 7718 0
14 Q0 8606 0
14 Q0 8911 0
14 Q0 9875 0
14 Q0 9972 0
14 Q0 10747 0
14 Q0 11143 1
14 Q0 11162 0
14 Q0 11233 1
14 Q0 11954 0
14 Q0 12379 0
14 Q0 12718 0
14 Q0 13822 0
14 Q0 13868 0
14 Q0 13905 0
14 Q0 14545 0
14 Q0 15255 0
14 Q0 15300 0
14 Q0 15865 0
14 Q0 16294 0
14 Q0 16344 0
14 Q0 16785 0
14 Q0 17663 0
14 Q0 17874 1
14 Q0 18986 0
14 Q0 19095 0
14 Q0 19674 0
14 Q0 19921 0
14 Q0 20006 0
14 Q0 20383 0
14 Q0 20431 0
14 Q0 20593 0
14 Q0 20605 0
14 Q0 20700 0
14 Q0 20875 0
14 Q0 20999 0
14 Q0 21252 0
14 Q0 21524 0
14 Q0 22206 0
14 Q0 23666 0
14 Q0 23720 0
14 Q0 24837 0
14 Q0 24939 0
14 Q0 25111 0
14 Q0 25572 0
14 Q0 26376 0
14 Q0 26651 0
14 Q0 27099 0
14 Q0 27421 0
14 Q0 27580 0
14 Q0 27815 0
14 Q0 27878 0
14 Q0 29047 0
14 Q0 29771 0
14 Q0 29786 0
14 Q0 30055 0
14 Q0 30515 0
14 Q0 30536 0
14 Q0 30854 0
14 Q0 31689 0
14 Q0 31710 0
14 Q0 32112 0
14 Q0 33490 0
14 Q0 33970 0
14 Q0 34915 0
14 Q0 35105 0
14 Q0 35735 1
14 Q0 35985 0
14 Q0 36518 0
14 Q0 38512 0
14 Q0 39216 0
14 Q0 39722 0
14 Q0 39801 0
14 Q0 40419 0
14 Q0 40613 0
14 Q0 40623 0
14 Q0 40663 0
14 Q0 40695 0
14 Q0 40765 0
14 Q0 40802 0
14 Q0 40876 0
14 Q0 40910 0
14 Q0 41067 0
14 Q0 41261 1
14 Q0 41551 0
14 Q0 42258 0
14 Q0 42709 0
14 Q0 42895 0
14 Q0 43216 0
14 Q0 43867 1
14 Q0 43937 0
14 Q0 44080 0
14 Q0 45461 0
14 Q0 45680 0
14 Q0 46684 0
14 Q0 46816 0
14 Q0 47559 0
14 Q0 47723 0
14 Q0 47739 0
14 Q0 47782 0
14 Q0 47933 0
14 Q0 47975 0
14 Q0 48634 0
14 Q0 48703 0
14 Q0 48728 0
14 Q0 49094 0
14 Q0 49150 0
14 Q0 49661 0
14 Q0 50006 0
14 Q0 50055 0
14 Q0 50255 1
14 Q0 50910 0
14 Q0 51354 0
14 Q0 52014 0
14 Q0 52079 1
14 Q0 52163 0
14 Q0 52276 0
14 Q0 52502 0
14 Q0 52644 0
14 Q0 52779 1
14 Q0 52884 0
14 Q0 53042 0
14 Q0 53064 0
14 Q0 53170 0
14 Q0 53179 0
14 Q0 53280 0
14 Q0 53788 0
14 Q0 53852 0
14 Q0 54015 0
14 Q0 54035 0
14 Q0 54164 0
14 Q0 54345 0
14 Q0 54368 0
14 Q0 54837 0
14 Q0 55974 0
14 Q0 55986 0
14 Q0 56134 0
14 Q0 56599 1
14 Q0 56636 0
14 Q0 57666 0
14 Q0 58347 0
14 Q0 58577 0
14 Q0 59025 0
14 Q0 61070 0
14 Q0 61141 0
14 Q0 61711 0
14 Q0 61925 0
14 Q0 61926 0
14 Q0 62084 0
14 Q0 62091 0
14 Q0 62851 0
14 Q0 64023 0
14 Q0 64413 0
14 Q0 64976 0
14 Q0 65129 0
14 Q0 65195 0
14 Q0 65799 0
14 Q0 66094 0
14 Q0 67176 0
14 Q0 67214 1
14 Q0 67459 0
14 Q0 67563 0
14 Q0 67911 0
14 Q0 68321 0
14 Q0 68562 0
14 Q0 68620 0
14 Q0 69629 0
14 Q0 69731 0
14 Q0 70255 0
14 Q0 70325 0
14 Q0 70764 0
14 Q0 70872 0
14 Q0 71602 0
14 Q0 72740 0
14 Q0 73161 0
14 Q0 73355 0
14 Q0 73575 0
14 Q0 73866 0
14 Q0 73901 0
14 Q0 74987 0
14 Q0 75026 0
14 Q0 75030 0
14 Q0 75401 0
14 Q0 75490 0
14 Q0 75528 0
14 Q0 75561 0
14 Q0 75599 1
14 Q0 75616 0
14 Q0 75688 0
14 Q0 75888 0
14 Q0 75919 0
14 Q0 76028 0
14 Q0 76679 0
14 Q0 76813 0
14 Q0 77220 0
14 Q0 77325 0
14 Q0 77432 0
14 Q0 77754 0
14 Q0 77787 1
14 Q0 78762 0
14 Q0 79103 0
14 Q0 79549 0
14 Q0 80218 0
14 Q0 80472 0
14 Q0 80526 0
14 Q0 81994 0
14 Q0 82767 0
14 Q0 82874 0
14 Q0 83182 0
14 Q0 84154 0
14 Q0 84156 0
14 Q0 85076 1
14 Q0 85915 0
14 Q0 86667 0
14 Q0 86897 1
14 Q0 86987 0
14 Q0 87116 0
14 Q0 87293 0
14 Q0 87416 0
14 Q0 87430 0
14 Q0 88028 0
14 Q0 88124 0
14 Q0 88198 0
14 Q0 88435 0
14 Q0 88641 0
14 Q0 88891 0
14 Q0 89091 0
14 Q0 89156 0
14 Q0 89188 0
14 Q0 89590 0
14 Q0 89754 0
14 Q0 90543 0
14 Q0 90925 0
14 Q0 91092 0
14 Q0 91468 0
14 Q0 92793 0
14 Q0 93295 0
14 Q0 93404 0
14 Q0 93655 0
14 Q0 93764 0
14 Q0 94130 0
14 Q0 94456 0
14 Q0 95388 0
14 Q0 95421 0
14 Q0 96183 0
14 Q0 96286 1
14 Q0 96512 0
14 Q0 98147 0
14 Q0 98621 0
14 Q0 99563 0
14 Q0 99568 1
14 Q0 99667 0
14 Q0 99917 0
14 Q0 100107 0
14 Q0 100150 0
14 Q0 100337 0
14 Q0 101895 0
14 Q0 102025 0
14 Q0 102316 0
14 Q0 102320 0
14 Q0 103602 0
14 Q0 104154 0
14 Q0 105602 0
14 Q0 106018 0
14 Q0 106909 0
14 Q0 107050 1
14 Q0 107629 0
15 Q0 297 0
15 Q0 361 0
15 Q0 1136 0
15 Q0 1354 0
15 Q0 2195 0
15 Q0 2431 0
15 Q0 2695 0
15 Q0 2783 0
15 Q0 3092 0
15 Q0 4524 0
15 Q0 4660 0
15 Q0 4681 0
15 Q0 5195 0
15 Q0 5663 0
15 Q0 6138 0
15 Q0 6228 0
15 Q0 6946 0
15 Q0 7425 0
15 Q0 7439 0
15 Q0 7979 0
15 Q0 8019 0
15 Q0 8109 0
15 Q0 9658 0
15 Q0 10464 0
15 Q0 11711 0
15 Q0 11934 0
15 Q0 11952 0
15 Q0 12101 0
15 Q0 13933 0
15 Q0 15527 0
15 Q0 15899 0
15 Q0 16104 0
15 Q0 16584 0
15 Q0 16671 0
15 Q0 17490 0
15 Q0 17693 0
15 Q0 17719 0
15 Q0 18065 0
15 Q0 18988 0
15 Q0 19160 0
15 Q0 19210 0
15 Q0 20380 0
15 Q0 20707 0
15 Q0 20723 0
15 Q0 21008 1
15 Q0 22766 0
15 Q0 23155 0
15 Q0 24061 0
15 Q0 24216 0
15 Q0 24570 0
15 Q0 24694 0
15 Q0 24854 0
15 Q0 25098 0
15 Q0 25180 0
15 Q0 25330 0
15 Q0 25654 0
15 Q0 25752 0
15 Q0 26082 0
15 Q0 26316 0
15 Q0 27200 0
15 Q0 27654 0
15 Q0 28275 0
15 Q0 28359 0
15 Q0 28594 0
15 Q0 28606 0
15 Q0 28659 0
15 Q0 30853 0
15 Q0 31098 0
15 Q0 32069 0
15 Q0 32079 0
15 Q0 33282 0
15 Q0 33545 0
15 Q0 33690 0
15 Q0 33949 0
15 Q0 34078 0
15 Q0 34147 0
15 Q0 34213 0
15 Q0 34538 0
15 Q0 34757 0
15 Q0 34966 0
15 Q0 36246 1
15 Q0 37357 0
15 Q0 37433 0
15 Q0 37955 0
15 Q0 38200 0
15 Q0 38675 0
15 Q0 38707 0
15 Q0 38880 0
15 Q0 39237 0
15 Q0 41505 1
15 Q0 41648 0
15 Q0 41693 0
15 Q0 41862 0
15 Q0 44048 0
15 Q0 44491 0
15 Q0 44940 0
15 Q0 45107 0
15 Q0 46353 0
15 Q0 47935 0
15 Q0 48252 0
15 Q0 48681 0
15 Q0 49485 0
15 Q0 49598 0
15 Q0 50505 0
15 Q0 51194 0
15 Q0 51409 0
15 Q0 51557 0
15 Q0 51568 0
15 Q0 51575 0
15 Q0 51815 0
15 Q0 52983 0
15 Q0 53073 0
15 Q0 53197 0
15 Q0 53217 0
15 Q0 53822 0
15 Q0 53990 0
15 Q0 54902 0
15 Q0 54989 0
15 Q0 55805 0
15 Q0 55974 0
15 Q0 56156 0
15 Q0 56356 0
15 Q0 56440 0
15 Q0 57038 1
15 Q0 57689 0
15 Q0 57981 0
15 Q0 58460 0
15 Q0 58525 0
15 Q0 58702 0
15 Q0 59076 0
15 Q0 59159 0
15 Q0 59219 0
15 Q0 59645 0
15 Q0 60059 0
15 Q0 62806 0
15 Q0 63669 0
15 Q0 63768 0
15 Q0 63885 0
15 Q0 64174 0
15 Q0 64894 0
15 Q0 65623 1
15 Q0 66206 0
15 Q0 68811 0
15 Q0 69118 0
15 Q0 69301 0
15 Q0 69524 0
15 Q0 70575 0
15 Q0 70996 0
15 Q0 71588 0
15 Q0 72435 0
15 Q0 73597 0
15 Q0 73838 0
15 Q0 73855 0
15 Q0 74260 1
15 Q0 74378 1
15 Q0 74553 0
15 Q0 74633 0
15 Q0 74655 0
15 Q0 75219 0
15 Q0 76066 0
15 Q0 76338 0
15 Q0 77150 0
15 Q0 77503 0
15 Q0 77512 0
15 Q0 78025 0
15 Q0 78466 0
15 Q0 78545 0
15 Q0 78931 0
15 Q0 79328 0
15 Q0 79364 0
15 Q0 79397 0
15 Q0 80478 0
15 Q0 81338 0
15 Q0 82162 0
15 Q0 82762 0
15 Q0 83347 0
15 Q0 83742 0
15 Q0 84307 0
15 Q0 85128 1
15 Q0 85730 0
15 Q0 86391 0
15 Q0 86639 0
15 Q0 86916 0
15 Q0 87119 0
15 Q0 87340 0
15 Q0 87407 0
15 Q0 87539 1
15 Q0 87609 0
15 Q0 87829 0
15 Q0 88411 0
15 Q0 89385 1
15 Q0 90053 0
15 Q0 90233 0
15 Q0 90542 0
15 Q0 91476 0
15 Q0 91785 0
15 Q0 93216 0
15 Q0 93924 0
15 Q0 94041 0
15 Q0 94223 0
15 Q0 94467 0
15 Q0 96272 1
15 Q0 96323 0
15 Q0 96404 0
15 Q0 97171 0
15 Q0 97326 0
15 Q0 98699 0
15 Q0 99463 0
15 Q0 100094 0
15 Q0 100948 0
15 Q0 101851 0
15 Q0 103183 0
15 Q0 103591 0
15 Q0 104089 0
15 Q0 105097 0
15 Q0 106220 0
15 Q0 106237 0
15 Q0 106693 0
15 Q0 107457 0
17 Q0 193 0
17 Q0 681 0
17 Q0 1065 0
17 Q0 1153 1
17 Q0 1669 0
17 Q0 1696 0
17 Q0 1947 0
17 Q0 3268 0
17 Q0 3390 0
17 Q0 3566 0
17 Q0 4095 0
17 Q0 4955 0
17 Q0 5151 0
17 Q0 5262 0
17 Q0 5382 0
17 Q0 5580 0
17 Q0 5924 1
17 Q0 6444 0
17 Q0 6588 0
17 Q0 7718 0
17 Q0 8569 1
17 Q0 8941 0
17 Q0 9061 0
17 Q0 9137 0
17 Q0 9251 1
17 Q0 9375 0
17 Q0 9795 0
17 Q0 9922 1
17 Q0 10283 0
17 Q0 11155 0
17 Q0 11931 0
17 Q0 12148 0
17 Q0 12153 0
17 Q0 12426 0
17 Q0 13196 0
17 Q0 13240 0
17 Q0 14167 0
17 Q0 14208 1
17 Q0 14316 0
17 Q0 14511 0
17 Q0 14732 0
17 Q0 15124 0
17 Q0 15502 1
17 Q0 15918 0
17 Q0 15927 0
17 Q0 16294 0
17 Q0 16529 0
17 Q0 16985 0
17 Q0 17460 0
17 Q0 17648 0
17 Q0 18354 0
17 Q0 18579 0
17 Q0 18892 0
17 Q0 19174 0
17 Q0 19746 0
17 Q0 21039 0
17 Q0 21224 0
17 Q0 21877 0
17 Q0 21879 0
17 Q0 22009 0
17 Q0 22211 0
17 Q0 22677 0
17 Q0 22865 0
17 Q0 23193 0
17 Q0 23883 0
17 Q0 24163 0
17 Q0 24903 0
17 Q0 24939 0
17 Q0 25750 0
17 Q0 25918 0
17 Q0 26538 0
17 Q0 26597 0
17 Q0 26944 0
17 Q0 27818 0
17 Q0 28237 0
17 Q0 28242 0
17 Q0 28331 0
17 Q0 28545 0
17 Q0 29075 0
17 Q0 29138 0
17 Q0 29296 0
17 Q0 29528 0
17 Q0 29642 0
17 Q0 30272 0
17 Q0 30290 0
17 Q0 30366 1
17 Q0 30762 0
17 Q0 30905 0
17 Q0 31119 0
17 Q0 31342 0
17 Q0 31392 0
17 Q0 31622 0
17 Q0 33281 0
17 Q0 33958 0
17 Q0 35170 0
17 Q0 35415 1
17 Q0 35464 0
17 Q0 35813 0
17 Q0 35878 0
17 Q0 35985 0
17 Q0 36500 0
17 Q0 36647 0
17 Q0 36668 0
17 Q0 37520 0
17 Q0 37806 0
17 Q0 39119 0
17 Q0 40263 0
17 Q0 40399 0
17 Q0 40729 0
17 Q0 40819 0
17 Q0 40840 1
17 Q0 41174 0
17 Q0 41914 0
17 Q0 42187 0
17 Q0 42617 1
17 Q0 42647 0
17 Q0 42665 0
17 Q0 43348 0
17 Q0 43524 0
17 Q0 43937 0
17 Q0 44621 0
17 Q0 44860 0
17 Q0 46999 0
17 Q0 47225 0
17 Q0 47551 0
17 Q0 47556 0
17 Q0 47782 0
17 Q0 47933 0
17 Q0 47975 0
17 Q0 48548 0
17 Q0 48728 0
17 Q0 49028 0
17 Q0 49227 0
17 Q0 49375 0
17 Q0 50249 0
17 Q0 50310 0
17 Q0 50327 0
17 Q0 50801 0
17 Q0 51476 0
17 Q0 51802 0
17 Q0 51953 0
17 Q0 52014 0
17 Q0 52415 1
17 Q0 52447 0
17 Q0 52757 0
17 Q0 53011 0
17 Q0 53026 0
17 Q0 53042 0
17 Q0 53725 0
17 Q0 53813 0
17 Q0 53852 0
17 Q0 53931 0
17 Q0 54042 0
17 Q0 54049 1
17 Q0 54345 0
17 Q0 54465 0
17 Q0 54832 0
17 Q0 54923 0
17 Q0 55523 0
17 Q0 56056 0
17 Q0 56445 0
17 Q0 56585 0
17 Q0 56639 1
17 Q0 56795 0
17 Q0 56961 0
17 Q0 57785 0
17 Q0 59025 0
17 Q0 59053 0
17 Q0 59217 1
17 Q0 59231 0
17 Q0 59388 0
17 Q0 59528 0
17 Q0 60518 0
17 Q0 60734 0
17 Q0 61069 0
17 Q0 61719 1
17 Q0 61784 0
17 Q0 62013 0
17 Q0 62091 0
17 Q0 62670 0
17 Q0 62851 0
17 Q0 62903 0
17 Q0 64355 0
17 Q0 64383 0
17 Q0 64476 0
17 Q0 64713 0
17 Q0 66280 0
17 Q0 67501 0
17 Q0 67564 0
17 Q0 67700 0
17 Q0 67808 0
17 Q0 67814 0
17 Q0 67816 0
17 Q0 68006 0
17 Q0 68205 0
17 Q0 68263 0
17 Q0 68514 0
17 Q0 69364 0
17 Q0 69565 0
17 Q0 69759 0
17 Q0 70281 0
17 Q0 70348 0
17 Q0 70465 0
17 Q0 70646 0
17 Q0 70698 0
17 Q0 70936 0
17 Q0 71481 0
17 Q0 72010 0
17 Q0 72176 1
17 Q0 72269 0
17 Q0 72974 0
17 Q0 73053 0
17 Q0 73355 0
17 Q0 73881 0
17 Q0 74132 0
17 Q0 75797 0
17 Q0 75919 0
17 Q0 76602 0
17 Q0 76929 0
17 Q0 77330 0
17 Q0 77371 0
17 Q0 77377 0
17 Q0 77516 0
17 Q0 77647 0
17 Q0 78559 0
17 Q0 79104 0
17 Q0 79181 0
17 Q0 79763 0
17 Q0 80152 0
17 Q0 80603 0
17 Q0 81115 0
17 Q0 81226 0
17 Q0 81371 0
17 Q0 81481 0
17 Q0 81721 0
17 Q0 84156 0
17 Q0 84196 0
17 Q0 84437 0
17 Q0 84538 0
17 Q0 84666 0
17 Q0 86288 0
17 Q0 86507 0
17 Q0 86587 0
17 Q0 86987 0
17 Q0 87002 1
17 Q0 87197 0
17 Q0 88917 0
17 Q0 89323 0
17 Q0 90399 0
17 Q0 91740 0
17 Q0 92819 0
17 Q0 93123 0
17 Q0 93213 0
17 Q0 93438 0
17 Q0 93568 0
17 Q0 94821 0
17 Q0 95663 0
17 Q0 95688 0
17 Q0 95987 0
17 Q0 96167 0
17 Q0 96374 0
17 Q0 96397 0
17 Q0 96768 0
17 Q0 96946 0
17 Q0 97310 0
17 Q0 97388 0
17 Q0 97808 0
17 Q0 97849 0
17 Q0 97940 0
17 Q0 98272 0
17 Q0 98853 0
17 Q0 99770 0
17 Q0 100584 0
17 Q0 100651 0
17 Q0 101046 0
17 Q0 101090 0
17 Q0 101266 0
17 Q0 101267 0
17 Q0 101302 0
17 Q0 101543 0
17 Q0 101654 0
17 Q0 101730 0
17 Q0 102398 0
17 Q0 102409 0
17 Q0 102903 0
17 Q0 103046 0
17 Q0 103293 0
17 Q0 103688 1
17 Q0 103813 1
17 Q0 103825 0
17 Q0 104843 0
17 Q0 105208 0
17 Q0 105214 0
17 Q0 105573 0
17 Q0 105765 0
17 Q0 106718 0
17 Q0 107198 0
17 Q0 107749 0
17 Q0 107810 0
18 Q0 1642 0
18 Q0 1704 0
18 Q0 1855 0
18 Q0 2032 0
18 Q0 2083 0
18 Q0 2435 0
18 Q0 2582 0
18 Q0 3084 0
18 Q0 3369 0
18 Q0 3726 0
18 Q0 4298 0
18 Q0 4638 0
18 Q0 4955 0
18 Q0 4976 0
18 Q0 5574 0
18 Q0 5819 0
18 Q0 6042 0
18 Q0 6975 0
18 Q0 7883 0
18 Q0 7917 0
18 Q0 9332 0
18 Q0 9484 0
18 Q0 9784 0
18 Q0 9875 0
18 Q0 11100 0
18 Q0 11618 0
18 Q0 11954 0
18 Q0 11981 0
18 Q0 12010 1
18 Q0 12227 0
18 Q0 12357 0
18 Q0 12391 0
18 Q0 12718 0
18 Q0 13269 0
18 Q0 13536 0
18 Q0 13546 0
18 Q0 13735 0
18 Q0 13951 0
18 Q0 14098 0
18 Q0 14770 0
18 Q0 15300 0
18 Q0 15409 0
18 Q0 15759 0
18 Q0 16045 0
18 Q0 16070 0
18 Q0 16502 0
18 Q0 16648 0
18 Q0 16799 0
18 Q0 18040 0
18 Q0 18450 0
18 Q0 18986 0
18 Q0 19881 0
18 Q0 20431 0
18 Q0 20570 0
18 Q0 21255 0
18 Q0 22489 0
18 Q0 23336 0
18 Q0 23445 0
18 Q0 23556 0
18 Q0 23755 0
18 Q0 23765 0
18 Q0 24100 0
18 Q0 24137 0
18 Q0 25390 0
18 Q0 26227 0
18 Q0 26651 0
18 Q0 26907 0
18 Q0 27099 0
18 Q0 27482 0
18 Q0 27635 0
18 Q0 27815 0
18 Q0 28245 0
18 Q0 28841 0
18 Q0 29167 0
18 Q0 29503 0
18 Q0 29572 0
18 Q0 30372 0
18 Q0 30378 0
18 Q0 30392 0
18 Q0 30539 0
18 Q0 30977 0
18 Q0 31495 0
18 Q0 32079 0
18 Q0 32112 0
18 Q0 32551 0
18 Q0 32660 0
18 Q0 33210 0
18 Q0 33621 0
18 Q0 34453 0
18 Q0 34481 0
18 Q0 35177 0
18 Q0 35907 0
18 Q0 35927 1
18 Q0 35943 0
18 Q0 36411 0
18 Q0 36979 1
18 Q0 38396 0
18 Q0 38954 0
18 Q0 39153 0
18 Q0 40137 0
18 Q0 40170 0
18 Q0 40623 0
18 Q0 41625 0
18 Q0 41788 0
18 Q0 42462 0
18 Q0 42514 0
18 Q0 42819 0
18 Q0 43003 0
18 Q0 43254 0
18 Q0 43380 0
18 Q0 43580 0
18 Q0 43599 0
18 Q0 43850 0
18 Q0 44206 0
18 Q0 44760 0
18 Q0 45566 0
18 Q0 46134 0
18 Q0 46349 0
18 Q0 46930 0
18 Q0 47048 0
18 Q0 47079 0
18 Q0 47723 0
18 Q0 48092 0
18 Q0 48301 0
18 Q0 48467 0
18 Q0 48521 0
18 Q0 48557 0
18 Q0 49145 0
18 Q0 49440 0
18 Q0 49513 0
18 Q0 50581 0
18 Q0 51013 0
18 Q0 52763 0
18 Q0 53280 0
18 Q0 53401 0
18 Q0 53927 0
18 Q0 54005 0
18 Q0 54057 0
18 Q0 54376 0
18 Q0 54485 0
18 Q0 55490 0
18 Q0 56134 0
18 Q0 57329 0
18 Q0 57622 0
18 Q0 57951 0
18 Q0 59648 0
18 Q0 59809 0
18 Q0 60060 0
18 Q0 60073 0
18 Q0 60647 0
18 Q0 60708 0
18 Q0 60925 0
18 Q0 61848 1
18 Q0 62762 0
18 Q0 62851 0
18 Q0 62903 0
18 Q0 63129 0
18 Q0 64196 0
18 Q0 65605 0
18 Q0 68275 0
18 Q0 68514 0
18 Q0 68657 0
18 Q0 69874 0
18 Q0 69879 0
18 Q0 70146 0
18 Q0 70764 0
18 Q0 70975 0
18 Q0 71524 0
18 Q0 72164 0
18 Q0 72653 0
18 Q0 72858 0
18 Q0 72970 0
18 Q0 73211 0
18 Q0 73495 0
18 Q0 73589 0
18 Q0 74247 0
18 Q0 74777 0
18 Q0 75163 0
18 Q0 75381 0
18 Q0 75561 0
18 Q0 75628 0
18 Q0 75688 0
18 Q0 76658 0
18 Q0 76813 0
18 Q0 77858 0
18 Q0 77970 0
18 Q0 78198 0
18 Q0 78239 0
18 Q0 78333 0
18 Q0 78380 0
18 Q0 79375 0
18 Q0 79629 0
18 Q0 79813 0
18 Q0 80472 0
18 Q0 80515 0
18 Q0 81223 0
18 Q0 81994 0
18 Q0 82351 1
18 Q0 82874 0
18 Q0 83148 0
18 Q0 84459 0
18 Q0 84479 0
18 Q0 84611 1
18 Q0 84794 0
18 Q0 85531 0
18 Q0 85636 0
18 Q0 86234 0
18 Q0 86408 0
18 Q0 86938 0
18 Q0 87214 0
18 Q0 87612 0
18 Q0 87638 0
18 Q0 88234 0
18 Q0 88260 0
18 Q0 89732 0
18 Q0 89754 0
18 Q0 90411 0
18 Q0 90543 0
18 Q0 90647 0
18 Q0 90915 0
18 Q0 91778 0
18 Q0 91833 0
18 Q0 92062 0
18 Q0 92957 0
18 Q0 93184 0
18 Q0 93537 0
18 Q0 93655 0
18 Q0 93698 0
18 Q0 94760 0
18 Q0 95421 0
18 Q0 95476 0
18 Q0 95918 0
18 Q0 95927 0
18 Q0 96241 0
18 Q0 96445 0
18 Q0 96891 0
18 Q0 97267 0
18 Q0 97342 0
18 Q0 97490 0
18 Q0 98431 0
18 Q0 98872 0
18 Q0 99013 0
18 Q0 99538 0
18 Q0 99640 0
18 Q0 99754 0
18 Q0 99870 0
18 Q0 100108 0
18 Q0 100202 0
18 Q0 100691 1
18 Q0 100879 1
18 Q0 100926 0
18 Q0 102283 0
18 Q0 103087 0
18 Q0 103639 0
18 Q0 104126 0
18 Q0 104946 0
18 Q0 105139 0
18 Q0 105447 0
18 Q0 107513 0
18 Q0 107821 0
18 Q0 107822 0
19 Q0 48 0
19 Q0 1704 0
19 Q0 2699 0
19 Q0 3338 0
19 Q0 3825 0
19 Q0 4019 0
19 Q0 5084 1
19 Q0 5296 1
19 Q0 5749 0
19 Q0 5819 0
19 Q0 6730 1
19 Q0 6824 0
19 Q0 6941 1
19 Q0 6963 0
19 Q0 7531 0
19 Q0 8081 0
19 Q0 9060 1
19 Q0 9264 0
19 Q0 9332 1
19 Q0 9405 0
19 Q0 9613 0
19 Q0 9784 1
19 Q0 11395 0
19 Q0 11829 0
19 Q0 12372 0
19 Q0 13451 0
19 Q0 14573 0
19 Q0 15493 0
19 Q0 16231 0
19 Q0 18011 0
19 Q0 18040 1
19 Q0 20002 0
19 Q0 20941 0
19 Q0 21585 0
19 Q0 23457 0
19 Q0 23951 0
19 Q0 24425 0
19 Q0 26179 0
19 Q0 26196 0
19 Q0 26356 0
19 Q0 26787 0
19 Q0 28924 0
19 Q0 29111 0
19 Q0 29754 0
19 Q0 30515 0
19 Q0 31417 0
19 Q0 31551 0
19 Q0 31748 0
19 Q0 32400 0
19 Q0 33081 0
19 Q0 33174 0
19 Q0 33626 0
19 Q0 33680 0
19 Q0 35166 0
19 Q0 35364 0
19 Q0 36207 0
19 Q0 36759 0
19 Q0 37850 0
19 Q0 38457 0
19 Q0 38802 0
19 Q0 41160 0
19 Q0 41250 0
19 Q0 41294 0
19 Q0 41625 1
19 Q0 42119 1
19 Q0 43003 0
19 Q0 43190 0
19 Q0 46380 0
19 Q0 46525 0
19 Q0 46583 0
19 Q0 46615 0
19 Q0 46816 0
19 Q0 46895 0
19 Q0 47384 0
19 Q0 47692 0
19 Q0 48543 0
19 Q0 48659 0
19 Q0 49067 0
19 Q0 49266 0
19 Q0 49496 0
19 Q0 50979 0
19 Q0 51431 0
19 Q0 51727 0
19 Q0 52291 0
19 Q0 52555 0
19 Q0 52700 0
19 Q0 52855 0
19 Q0 53215 0
19 Q0 53693 0
19 Q0 54313 0
19 Q0 54536 0
19 Q0 55185 0
19 Q0 55404 0
19 Q0 56113 0
19 Q0 57614 0
19 Q0 58736 0
19 Q0 59177 0
19 Q0 59738 0
19 Q0 59956 0
19 Q0 59965 0
19 Q0 60229 0
19 Q0 61422 0
19 Q0 62131 0
19 Q0 62495 0
19 Q0 64180 0
19 Q0 64242 0
19 Q0 65108 1
19 Q0 65381 0
19 Q0 65400 0
19 Q0 66080 0
19 Q0 66304 0
19 Q0 67229 0
19 Q0 67562 0
19 Q0 67807 0
19 Q0 69138 0
19 Q0 69879 0
19 Q0 70433 0
19 Q0 70801 1
19 Q0 71085 0
19 Q0 71107 0
19 Q0 71532 0
19 Q0 71686 0
19 Q0 72074 0
19 Q0 74190 0
19 Q0 74233 0
19 Q0 75204 0
19 Q0 75381 0
19 Q0 75473 1
19 Q0 75919 0
19 Q0 75965 0
19 Q0 75983 0
19 Q0 76658 1
19 Q0 77832 0
19 Q0 77958 0
19 Q0 77968 0
19 Q0 78233 0
19 Q0 78322 0
19 Q0 78386 0
19 Q0 78526 0
19 Q0 78988 0
19 Q0 80108 0
19 Q0 80129 0
19 Q0 80440 0
19 Q0 80832 0
19 Q0 81487 0
19 Q0 81638 0
19 Q0 82646 0
19 Q0 83426 0
19 Q0 83689 0
19 Q0 83874 1
19 Q0 83967 0
19 Q0 84025 0
19 Q0 84303 0
19 Q0 84585 0
19 Q0 86006 0
19 Q0 86526 0
19 Q0 86901 0
19 Q0 87738 0
19 Q0 88110 0
19 Q0 88607 0
19 Q0 88939 0
19 Q0 89081 1
19 Q0 89324 0
19 Q0 89488 0
19 Q0 91164 1
19 Q0 91531 0
19 Q0 91947 0
19 Q0 92236 0
19 Q0 93299 0
19 Q0 94020 0
19 Q0 94207 0
19 Q0 94368 0
19 Q0 94409 0
19 Q0 94524 1
19 Q0 94962 0
19 Q0 95202 0
19 Q0 96738 0
19 Q0 97985 0
19 Q0 98629 0
19 Q0 98923 0
19 Q0 99201 0
19 Q0 99293 0
19 Q0 99888 0
19 Q0 100006 0
19 Q0 100202 1
19 Q0 101376 0
19 Q0 102029 0
19 Q0 102205 0
19 Q0 102480 0
19 Q0 102755 0
19 Q0 103311 0
19 Q0 103493 1
19 Q0 103872 1
19 Q0 104420 0
19 Q0 105728 0
19 Q0 107186 0
20 Q0 11 0
20 Q0 134 0
20 Q0 227 0
20 Q0 711 0
20 Q0 852 1
20 Q0 2343 0
20 Q0 2850 0
20 Q0 3494 0
20 Q0 4275 0
20 Q0 4306 0
20 Q0 5487 0
20 Q0 6698 0
20 Q0 7935 0
20 Q0 8004 0
20 Q0 8006 0
20 Q0 8318 0
20 Q0 8382 0
20 Q0 8460 0
20 Q0 8483 0
20 Q0 9984 0
20 Q0 10747 0
20 Q0 10902 0
20 Q0 11472 0
20 Q0 11749 0
20 Q0 12166 0
20 Q0 13450 0
20 Q0 13740 1
20 Q0 14366 0
20 Q0 14489 0
20 Q0 14728 0
20 Q0 14909 0
20 Q0 15911 0
20 Q0 16213 0
20 Q0 16307 0
20 Q0 16812 0
20 Q0 17213 0
20 Q0 18854 0
20 Q0 19362 0
20 Q0 19459 0
20 Q0 21505 0
20 Q0 21524 0
20 Q0 22884 0
20 Q0 23029 0
20 Q0 23203 0
20 Q0 24156 0
20 Q0 24470 0
20 Q0 24761 1
20 Q0 24939 0
20 Q0 26121 0
20 Q0 26277 0
20 Q0 26363 0
20 Q0 26887 0
20 Q0 27627 0
20 Q0 28376 0
20 Q0 29047 0
20 Q0 29334 0
20 Q0 29352 0
20 Q0 29383 0
20 Q0 29533 0
20 Q0 29715 0
20 Q0 31087 0
20 Q0 31119 0
20 Q0 31433 0
20 Q0 31526 0
20 Q0 31937 1
20 Q0 32390 0
20 Q0 32615 0
20 Q0 33262 0
20 Q0 34250 1
20 Q0 34481 0
20 Q0 34683 0
20 Q0 34863 0
20 Q0 36372 0
20 Q0 38561 0
20 Q0 38581 0
20 Q0 38664 0
20 Q0 38973 0
20 Q0 39119 1
20 Q0 39251 0
20 Q0 39494 0
20 Q0 39666 0
20 Q0 39896 0
20 Q0 40428 0
20 Q0 41067 0
20 Q0 41150 0
20 Q0 41391 0
20 Q0 41820 1
20 Q0 43167 0
20 Q0 43716 0
20 Q0 43778 0
20 Q0 43781 0
20 Q0 44104 0
20 Q0 44273 0
20 Q0 45568 0
20 Q0 45879 0
20 Q0 45963 0
20 Q0 47746 0
20 Q0 48092 0
20 Q0 48115 0
20 Q0 48471 1
20 Q0 48863 0
20 Q0 49144 0
20 Q0 50448 0
20 Q0 51929 0
20 Q0 52303 0
20 Q0 52688 0
20 Q0 52969 1
20 Q0 53813 0
20 Q0 54087 0
20 Q0 54829 0
20 Q0 55390 0
20 Q0 56817 0
20 Q0 59410 0
20 Q0 60474 0
20 Q0 61244 0
20 Q0 61385 0
20 Q0 61468 0
20 Q0 61770 0
20 Q0 61774 0
20 Q0 61815 1
20 Q0 62194 0
20 Q0 62626 0
20 Q0 62903 0
20 Q0 63129 0
20 Q0 64880 0
20 Q0 64910 0
20 Q0 65378 0
20 Q0 65562 0
20 Q0 65579 0
20 Q0 65604 1
20 Q0 66175 0
20 Q0 66625 0
20 Q0 66899 0
20 Q0 67432 0
20 Q0 67443 0
20 Q0 67807 0
20 Q0 67808 0
20 Q0 67963 0
20 Q0 68154 0
20 Q0 68251 0
20 Q0 68321 0
20 Q0 68877 0
20 Q0 69635 0
20 Q0 69759 0
20 Q0 69828 0
20 Q0 70085 0
20 Q0 70970 0
20 Q0 71023 0
20 Q0 71145 0
20 Q0 71565 0
20 Q0 71999 0
20 Q0 72522 1
20 Q0 73161 0
20 Q0 73533 0
20 Q0 73607 0
20 Q0 74886 0
20 Q0 75121 0
20 Q0 75263 1
20 Q0 75688 0
20 Q0 75919 0
20 Q0 76360 0
20 Q0 76413 0
20 Q0 76935 0
20 Q0 78669 0
20 Q0 78770 0
20 Q0 79581 0
20 Q0 79981 0
20 Q0 80534 0
20 Q0 81147 0
20 Q0 81299 0
20 Q0 81613 0
20 Q0 82032 0
20 Q0 82596 1
20 Q0 84104 0
20 Q0 84491 0
20 Q0 84618 0
20 Q0 85446 1
20 Q0 85499 0
20 Q0 86493 0
20 Q0 87147 1
20 Q0 87730 0
20 Q0 87741 0
20 Q0 88207 0
20 Q0 88409 1
20 Q0 88778 0
20 Q0 88889 0
20 Q0 89188 0
20 Q0 89369 0
20 Q0 89516 0
20 Q0 89718 0
20 Q0 90061 0
20 Q0 90995 0
20 Q0 91396 0
20 Q0 91468 0
20 Q0 91604 0
20 Q0 91871 0
20 Q0 92452 0
20 Q0 92793 0
20 Q0 93360 0
20 Q0 93764 0
20 Q0 94247 0
20 Q0 94307 0
20 Q0 95082 0
20 Q0 95613 0
20 Q0 95788 0
20 Q0 96241 0
20 Q0 96603 0
20 Q0 96766 0
20 Q0 98473 0
20 Q0 99341 0
20 Q0 99714 0
20 Q0 100351 0
20 Q0 101267 0
20 Q0 101291 0
20 Q0 101420 0
20 Q0 101732 0
20 Q0 101872 0
20 Q0 102075 0
20 Q0 102307 0
20 Q0 102320 0
20 Q0 103225 1
20 Q0 103243 0
20 Q0 103579 0
20 Q0 104476 1
20 Q0 105398 0
20 Q0 105988 0
20 Q0 106224 0
20 Q0 106591 0
20 Q0 106626 0
20 Q0 107395 0
20 Q0 107669 0
20 Q0 107737 0
20 Q0 107749 0
20 Q0 107827 0
21 Q0 100 0
21 Q0 757 0
21 Q0 845 0
21 Q0 915 0
21 Q0 1127 0
21 Q0 1354 0
21 Q0 1791 0
21 Q0 1848 0
21 Q0 2339 1
21 Q0 2466 0
21 Q0 2553 0
21 Q0 3336 0
21 Q0 4281 0
21 Q0 4487 0
21 Q0 4624 0
21 Q0 4799 0
21 Q0 5541 0
21 Q0 5672 0
21 Q0 6033 1
21 Q0 6104 0
21 Q0 6466 0
21 Q0 6683 0
21 Q0 6773 0
21 Q0 7335 0
21 Q0 7542 0
21 Q0 7694 0
21 Q0 7780 1
21 Q0 8170 0
21 Q0 8530 0
21 Q0 9677 0
21 Q0 9784 0
21 Q0 10003 0
21 Q0 10374 0
21 Q0 10936 0
21 Q0 11795 0
21 Q0 11902 0
21 Q0 11961 0
21 Q0 12115 0
21 Q0 12122 0
21 Q0 13114 0
21 Q0 13739 1
21 Q0 14074 0
21 Q0 14098 1
21 Q0 14483 0
21 Q0 14770 1
21 Q0 15363 0
21 Q0 16329 0
21 Q0 16411 1
21 Q0 16786 1
21 Q0 16942 0
21 Q0 17135 0
21 Q0 17347 0
21 Q0 18116 0
21 Q0 18810 1
21 Q0 18924 0
21 Q0 19331 0
21 Q0 19928 0
21 Q0 20216 0
21 Q0 20499 0
21 Q0 21085 0
21 Q0 21350 0
21 Q0 21852 0
21 Q0 22585 0
21 Q0 23307 0
21 Q0 23511 0
21 Q0 23994 0
21 Q0 24348 0
21 Q0 24939 0
21 Q0 25198 0
21 Q0 25250 0
21 Q0 26179 0
21 Q0 26915 0
21 Q0 27743 0
21 Q0 28112 1
21 Q0 28152 0
21 Q0 28286 0
21 Q0 28313 0
21 Q0 28566 0
21 Q0 28805 0
21 Q0 29013 0
21 Q0 29047 0
21 Q0 29471 0
21 Q0 29754 0
21 Q0 29786 0
21 Q0 30105 0
21 Q0 30232 0
21 Q0 30272 0
21 Q0 30332 0
21 Q0 30416 0
21 Q0 30753 0
21 Q0 30876 1
21 Q0 31708 0
21 Q0 32010 0
21 Q0 32076 0
21 Q0 32348 0
21 Q0 32517 0
21 Q0 32545 0
21 Q0 32687 0
21 Q0 32862 0
21 Q0 32944 0
21 Q0 33770 0
21 Q0 34867 0
21 Q0 35498 0
21 Q0 36076 0
21 Q0 36263 0
21 Q0 36567 0
21 Q0 37218 0
21 Q0 37382 0
21 Q0 37791 0
21 Q0 38075 0
21 Q0 38194 0
21 Q0 38221 1
21 Q0 38669 0
21 Q0 39003 0
21 Q0 39498 0
21 Q0 39722 0
21 Q0 39852 0
21 Q0 40152 0
21 Q0 40166 0
21 Q0 40170 1
21 Q0 40398 0
21 Q0 40663 0
21 Q0 41671 0
21 Q0 41924 0
21 Q0 42030 1
21 Q0 42540 0
21 Q0 42653 0
21 Q0 42816 0
21 Q0 43258 0
21 Q0 43415 0
21 Q0 43476 0
21 Q0 43482 0
21 Q0 43628 1
21 Q0 43956 0
21 Q0 44672 0
21 Q0 44752 0
21 Q0 44944 0
21 Q0 45066 0
21 Q0 45107 0
21 Q0 45156 0
21 Q0 45964 0
21 Q0 46901 0
21 Q0 46902 0
21 Q0 46915 0
21 Q0 46930 0
21 Q0 47134 1
21 Q0 47248 0
21 Q0 47294 0
21 Q0 47723 0
21 Q0 47891 0
21 Q0 48843 0
21 Q0 48855 0
21 Q0 50289 0
21 Q0 50440 0
21 Q0 51163 0
21 Q0 51481 1
21 Q0 51783 0
21 Q0 52067 0
21 Q0 52653 0
21 Q0 52688 0
21 Q0 52736 0
21 Q0 53270 0
21 Q0 53407 0
21 Q0 53512 0
21 Q0 53788 0
21 Q0 54209 0
21 Q0 54586 0
21 Q0 54829 0
21 Q0 54853 0
21 Q0 55151 0
21 Q0 55421 0
21 Q0 55869 0
21 Q0 56823 0
21 Q0 57054 0
21 Q0 57060 0
21 Q0 57635 0
21 Q0 57787 0
21 Q0 57862 0
21 Q0 59487 0
21 Q0 59766 0
21 Q0 59985 1
21 Q0 60112 0
21 Q0 60664 0
21 Q0 61518 0
21 Q0 63662 0
21 Q0 63730 0
21 Q0 63908 1
21 Q0 64358 0
21 Q0 64622 0
21 Q0 64765 0
21 Q0 65108 0
21 Q0 65178 0
21 Q0 65329 0
21 Q0 66259 0
21 Q0 66832 0
21 Q0 66898 0
21 Q0 67106 0
21 Q0 67376 0
21 Q0 67615 0
21 Q0 67651 0
21 Q0 69310 1
21 Q0 70066 0
21 Q0 70833 0
21 Q0 71301 0
21 Q0 71510 0
21 Q0 71863 0
21 Q0 72021 0
21 Q0 72545 0
21 Q0 72567 0
21 Q0 72569 1
21 Q0 72593 0
21 Q0 72621 0
21 Q0 73222 0
21 Q0 73338 0
21 Q0 73390 0
21 Q0 73391 0
21 Q0 73575 0
21 Q0 73889 0
21 Q0 75026 0
21 Q0 75503 0
21 Q0 75608 1
21 Q0 76289 0
21 Q0 76614 0
21 Q0 76631 0
21 Q0 76683 1
21 Q0 76836 0
21 Q0 77123 0
21 Q0 78437 0
21 Q0 78469 0
21 Q0 78644 0
21 Q0 78884 1
21 Q0 79048 0
21 Q0 79739 0
21 Q0 79985 0
21 Q0 80234 0
21 Q0 80515 1
21 Q0 80545 0
21 Q0 80660 0
21 Q0 81207 0
21 Q0 81218 0
21 Q0 81538 0
21 Q0 82284 0
21 Q0 82896 0
21 Q0 84301 0
21 Q0 84530 0
21 Q0 85726 0
21 Q0 86073 1
21 Q0 86639 0
21 Q0 86979 0
21 Q0 87119 0
21 Q0 87154 0
21 Q0 87261 0
21 Q0 87340 0
21 Q0 87835 0
21 Q0 88518 1
21 Q0 88837 0
21 Q0 89297 0
21 Q0 89473 0
21 Q0 89524 0
21 Q0 89744 0
21 Q0 89785 0
21 Q0 90915 1
21 Q0 90960 1
21 Q0 91686 0
21 Q0 92161 0
21 Q0 93081 0
21 Q0 93184 0
21 Q0 93206 0
21 Q0 93487 1
21 Q0 93667 0
21 Q0 93716 0
21 Q0 94105 0
21 Q0 94226 0
21 Q0 94275 0
21 Q0 94551 0
21 Q0 95424 0
21 Q0 96682 0
21 Q0 96754 0
21 Q0 97185 0
21 Q0 98035 0
21 Q0 98147 0
21 Q0 98148 0
21 Q0 99705 0
21 Q0 100006 0
21 Q0 100103 0
21 Q0 100401 0
21 Q0 100559 1
21 Q0 101517 0
21 Q0 101533 0
21 Q0 101727 0
21 Q0 102713 0
21 Q0 102788 0
21 Q0 103120 0
21 Q0 103461 1
21 Q0 104121 0
21 Q0 104549 0
21 Q0 105122 0
21 Q0 105210 0
21 Q0 105268 0
21 Q0 105383 0
21 Q0 106058 0
21 Q0 106245 0
21 Q0 106327 0
21 Q0 106539 0
21 Q0 106767 1
21 Q0 107746 0
22 Q0 193 0
22 Q0 471 0
22 Q0 731 0
22 Q0 877 0
22 Q0 2032 0
22 Q0 4040 0
22 Q0 4101 0
22 Q0 4355 0
22 Q0 4408 0
22 Q0 4681 1
22 Q0 4959 0
22 Q0 5277 0
22 Q0 5663 1
22 Q0 5690 0
22 Q0 5819 0
22 Q0 6730 0
22 Q0 7487 0
22 Q0 8520 0
22 Q0 8625 0
22 Q0 8662 0
22 Q0 8941 0
22 Q0 9784 0
22 Q0 10348 0
22 Q0 11954 0
22 Q0 12026 0
22 Q0 12289 1
22 Q0 12379 0
22 Q0 14101 0
22 Q0 14547 0
22 Q0 15804 0
22 Q0 15830 0
22 Q0 16188 0
22 Q0 16294 0
22 Q0 16320 0
22 Q0 16463 0
22 Q0 17223 0
22 Q0 17344 0
22 Q0 18040 0
22 Q0 19492 0
22 Q0 19652 1
22 Q0 20380 0
22 Q0 20730 0
22 Q0 21335 0
22 Q0 22377 0
22 Q0 22472 0
22 Q0 22865 0
22 Q0 24071 0
22 Q0 24216 0
22 Q0 24694 0
22 Q0 25554 0
22 Q0 25654 0
22 Q0 25918 0
22 Q0 26177 0
22 Q0 26376 0
22 Q0 26402 0
22 Q0 26603 0
22 Q0 27200 0
22 Q0 27549 0
22 Q0 27654 0
22 Q0 28359 0
22 Q0 28498 0
22 Q0 28594 0
22 Q0 32079 0
22 Q0 32551 0
22 Q0 32699 1
22 Q0 32813 0
22 Q0 32977 0
22 Q0 33633 0
22 Q0 33949 1
22 Q0 34128 0
22 Q0 34170 0
22 Q0 34314 0
22 Q0 34481 0
22 Q0 35464 0
22 Q0 35595 0
22 Q0 36246 0
22 Q0 37822 0
22 Q0 38256 0
22 Q0 38559 0
22 Q0 39216 0
22 Q0 39641 0
22 Q0 41294 0
22 Q0 41505 0
22 Q0 41625 0
22 Q0 41918 0
22 Q0 42975 0
22 Q0 43165 0
22 Q0 44979 0
22 Q0 46335 0
22 Q0 46710 0
22 Q0 47319 0
22 Q0 47935 0
22 Q0 47975 0
22 Q0 48409 0
22 Q0 49024 0
22 Q0 49207 0
22 Q0 49960 0
22 Q0 51013 0
22 Q0 51568 0
22 Q0 51758 0
22 Q0 51810 0
22 Q0 52264 0
22 Q0 52314 0
22 Q0 52884 0
22 Q0 53021 0
22 Q0 53197 0
22 Q0 53305 0
22 Q0 53822 0
22 Q0 53864 0
22 Q0 53910 0
22 Q0 54042 0
22 Q0 54345 0
22 Q0 54376 0
22 Q0 54770 0
22 Q0 54899 0
22 Q0 55396 0
22 Q0 55504 0
22 Q0 55608 0
22 Q0 56311 0
22 Q0 56639 0
22 Q0 56668 0
22 Q0 57038 0
22 Q0 57174 0
22 Q0 59116 0
22 Q0 59193 0
22 Q0 59639 0
22 Q0 60056 0
22 Q0 60635 1
22 Q0 61340 0
22 Q0 61518 0
22 Q0 61615 0
22 Q0 62091 0
22 Q0 62101 0
22 Q0 63105 0
22 Q0 63819 0
22 Q0 63908 0
22 Q0 64174 1
22 Q0 64788 0
22 Q0 65129 0
22 Q0 65195 0
22 Q0 65623 0
22 Q0 66015 0
22 Q0 66206 0
22 Q0 66357 0
22 Q0 66650 0
22 Q0 66991 0
22 Q0 67154 0
22 Q0 67229 0
22 Q0 67435 0
22 Q0 68276 0
22 Q0 68321 0
22 Q0 70031 0
22 Q0 70465 0
22 Q0 70522 0
22 Q0 70641 0
22 Q0 70984 0
22 Q0 71155 0
22 Q0 71321 0
22 Q0 71648 0
22 Q0 72505 0
22 Q0 72531 0
22 Q0 72740 0
22 Q0 72743 1
22 Q0 72791 0
22 Q0 72974 0
22 Q0 73575 0
22 Q0 73932 1
22 Q0 74553 1
22 Q0 75026 0
22 Q0 75207 0
22 Q0 76618 0
22 Q0 77693 0
22 Q0 77754 0
22 Q0 77803 0
22 Q0 77864 0
22 Q0 77961 0
22 Q0 78559 0
22 Q0 78745 0
22 Q0 79397 0
22 Q0 79527 0
22 Q0 82286 0
22 Q0 82767 0
22 Q0 82775 0
22 Q0 82884 0
22 Q0 83099 0
22 Q0 84120 0
22 Q0 84229 1
22 Q0 84264 0
22 Q0 84619 0
22 Q0 85096 0
22 Q0 85128 0
22 Q0 87002 0
22 Q0 87233 0
22 Q0 87407 0
22 Q0 87843 0
22 Q0 88837 0
22 Q0 89385 0
22 Q0 90373 0
22 Q0 90543 0
22 Q0 90699 0
22 Q0 90925 0
22 Q0 91579 0
22 Q0 92006 0
22 Q0 92551 0
22 Q0 92822 0
22 Q0 93216 0
22 Q0 93668 0
22 Q0 94467 0
22 Q0 95421 0
22 Q0 95663 0
22 Q0 95927 0
22 Q0 96152 0
22 Q0 96241 0
22 Q0 96323 0
22 Q0 96826 0
22 Q0 97311 0
22 Q0 98272 0
22 Q0 98430 1
22 Q0 98493 0
22 Q0 98632 0
22 Q0 99141 0
22 Q0 100202 0
22 Q0 101895 0
22 Q0 102075 0
22 Q0 103437 0
22 Q0 103740 0
22 Q0 103872 0
22 Q0 104298 0
22 Q0 104746 0
22 Q0 106346 1
22 Q0 106793 0
22 Q0 107102 0
22 Q0 107866 0
23 Q0 407 0
23 Q0 902 0
23 Q0 1048 0
23 Q0 1065 0
23 Q0 1149 0
23 Q0 1704 0
23 Q0 2220 0
23 Q0 2431 0
23 Q0 2582 0
23 Q0 2693 0
23 Q0 4955 0
23 Q0 5283 0
23 Q0 5640 0
23 Q0 5690 0
23 Q0 5762 0
23 Q0 6429 0
23 Q0 6670 0
23 Q0 6967 0
23 Q0 7590 0
23 Q0 7718 0
23 Q0 7737 1
23 Q0 7865 0
23 Q0 8106 1
23 Q0 8989 0
23 Q0 9009 0
23 Q0 9200 0
23 Q0 9401 0
23 Q0 9579 0
23 Q0 9585 0
23 Q0 9590 0
23 Q0 9875 0
23 Q0 9935 0
23 Q0 10271 1
23 Q0 10428 0
23 Q0 10481 0
23 Q0 11626 0
23 Q0 12203 0
23 Q0 12351 0
23 Q0 12379 0
23 Q0 12534 0
23 Q0 12718 0
23 Q0 12735 1
23 Q0 13032 0
23 Q0 13235 0
23 Q0 13695 0
23 Q0 13739 0
23 Q0 13905 0
23 Q0 13933 0
23 Q0 14366 0
23 Q0 14605 0
23 Q0 14762 0
23 Q0 14924 0
23 Q0 15129 0
23 Q0 15176 0
23 Q0 15541 0
23 Q0 15654 0
23 Q0 16294 0
23 Q0 16752 1
23 Q0 16773 1
23 Q0 17586 1
23 Q0 17691 1
23 Q0 17986 0
23 Q0 18149 0
23 Q0 18384 0
23 Q0 18472 0
23 Q0 18619 1
23 Q0 18770 0
23 Q0 19160 0
23 Q0 19714 0
23 Q0 20177 0
23 Q0 20205 0
23 Q0 20431 0
23 Q0 20824 0
23 Q0 20883 0
23 Q0 20963 0
23 Q0 21140 0
23 Q0 21754 0
23 Q0 22258 0
23 Q0 22287 0
23 Q0 22311 0
23 Q0 22683 0
23 Q0 23064 0
23 Q0 23279 0
23 Q0 24067 0
23 Q0 24276 0
23 Q0 24291 0
23 Q0 24612 0
23 Q0 25071 0
23 Q0 25684 0
23 Q0 25873 0
23 Q0 26096 1
23 Q0 26129 0
23 Q0 26429 0
23 Q0 26762 0
23 Q0 26943 0
23 Q0 28045 0
23 Q0 30372 0
23 Q0 30694 0
23 Q0 30869 0
23 Q0 31573 1
23 Q0 31710 0
23 Q0 31721 0
23 Q0 31754 0
23 Q0 33009 0
23 Q0 33106 0
23 Q0 33633 1
23 Q0 33690 0
23 Q0 33907 0
23 Q0 34226 0
23 Q0 34306 0
23 Q0 34485 0
23 Q0 34523 0
23 Q0 34854 0
23 Q0 35022 0
23 Q0 35370 0
23 Q0 35506 0
23 Q0 35540 0
23 Q0 35618 0
23 Q0 35883 0
23 Q0 36059 0
23 Q0 36080 0
23 Q0 36101 0
23 Q0 36332 0
23 Q0 36352 0
23 Q0 36372 0
23 Q0 36820 0
23 Q0 37015 0
23 Q0 37214 0
23 Q0 37798 0
23 Q0 38141 0
23 Q0 38559 0
23 Q0 39280 0
23 Q0 39419 0
23 Q0 39554 0
23 Q0 40519 0
23 Q0 40910 0
23 Q0 41290 0
23 Q0 41342 0
23 Q0 41531 0
23 Q0 41653 0
23 Q0 41862 0
23 Q0 42239 0
23 Q0 42939 0
23 Q0 43082 0
23 Q0 43239 0
23 Q0 43403 0
23 Q0 43708 0
23 Q0 43937 0
23 Q0 44022 0
23 Q0 44063 0
23 Q0 44181 0
23 Q0 44579 1
23 Q0 44793 0
23 Q0 44964 0
23 Q0 45289 0
23 Q0 45599 0
23 Q0 45607 0
23 Q0 45680 0
23 Q0 45726 0
23 Q0 46019 0
23 Q0 46350 0
23 Q0 46746 0
23 Q0 46760 0
23 Q0 46816 0
23 Q0 46983 0
23 Q0 47191 0
23 Q0 47559 0
23 Q0 47975 0
23 Q0 48728 0
23 Q0 48807 0
23 Q0 48843 0
23 Q0 48856 0
23 Q0 49025 0
23 Q0 49097 0
23 Q0 49184 0
23 Q0 49697 0
23 Q0 49867 0
23 Q0 50145 0
23 Q0 50443 1
23 Q0 50583 0
23 Q0 50703 0
23 Q0 50774 0
23 Q0 50834 1
23 Q0 50923 0
23 Q0 51220 0
23 Q0 51473 0
23 Q0 51936 0
23 Q0 52001 0
23 Q0 52341 0
23 Q0 52347 0
23 Q0 52783 0
23 Q0 53354 0
23 Q0 53401 0
23 Q0 53483 0
23 Q0 53852 0
23 Q0 54345 0
23 Q0 54508 0
23 Q0 54725 0
23 Q0 54817 0
23 Q0 54829 0
23 Q0 54895 0
23 Q0 55357 0
23 Q0 55735 0
23 Q0 55812 0
23 Q0 56311 0
23 Q0 57679 1
23 Q0 58055 0
23 Q0 58608 0
23 Q0 58650 0
23 Q0 59088 0
23 Q0 59236 0
23 Q0 59327 0
23 Q0 59510 0
23 Q0 59648 0
23 Q0 59890 0
23 Q0 60498 0
23 Q0 60913 0
23 Q0 61070 0
23 Q0 62091 0
23 Q0 62146 0
23 Q0 62162 0
23 Q0 62524 0
23 Q0 62571 0
23 Q0 62851 0
23 Q0 62901 0
23 Q0 62903 0
23 Q0 63014 0
23 Q0 63149 0
23 Q0 63819 0
23 Q0 64277 1
23 Q0 64459 0
23 Q0 64656 1
23 Q0 64850 0
23 Q0 65329 0
23 Q0 65439 0
23 Q0 65566 0
23 Q0 65568 0
23 Q0 65881 0
23 Q0 66079 1
23 Q0 66526 1
23 Q0 66999 0
23 Q0 67135 0
23 Q0 67517 0
23 Q0 67803 0
23 Q0 68514 0
23 Q0 68562 0
23 Q0 68881 0
23 Q0 69003 0
23 Q0 69111 0
23 Q0 69124 0
23 Q0 69263 0
23 Q0 69344 0
23 Q0 69418 0
23 Q0 69439 0
23 Q0 69488 0
23 Q0 69517 0
23 Q0 69834 0
23 Q0 70116 0
23 Q0 70276 0
23 Q0 70424 0
23 Q0 70766 0
23 Q0 70861 0
23 Q0 71524 0
23 Q0 72844 0
23 Q0 73589 0
23 Q0 74985 0
23 Q0 75207 0
23 Q0 75561 0
23 Q0 75610 0
23 Q0 75888 0
23 Q0 75919 0
23 Q0 75992 0
23 Q0 76188 0
23 Q0 76470 0
23 Q0 78029 0
23 Q0 78192 0
23 Q0 78745 0
23 Q0 78783 0
23 Q0 79200 0
23 Q0 79332 0
23 Q0 79888 0
23 Q0 79894 0
23 Q0 80234 0
23 Q0 80702 0
23 Q0 80713 0
23 Q0 82031 1
23 Q0 83317 0
23 Q0 83994 0
23 Q0 84158 0
23 Q0 84335 0
23 Q0 84538 0
23 Q0 85474 0
23 Q0 85700 0
23 Q0 85804 0
23 Q0 85936 0
23 Q0 86311 0
23 Q0 86601 0
23 Q0 86676 0
23 Q0 87107 1
23 Q0 87119 0
23 Q0 87340 0
23 Q0 87612 0
23 Q0 87843 0
23 Q0 88260 0
23 Q0 88401 0
23 Q0 88524 0
23 Q0 91145 0
23 Q0 91554 0
23 Q0 91590 0
23 Q0 91923 0
23 Q0 92006 0
23 Q0 92286 0
23 Q0 92534 0
23 Q0 93004 0
23 Q0 93114 0
23 Q0 93216 0
23 Q0 93261 0
23 Q0 93404 0
23 Q0 93418 1
23 Q0 93504 0
23 Q0 94387 0
23 Q0 94483 0
23 Q0 95421 0
23 Q0 95450 0
23 Q0 95493 1
23 Q0 95950 0
23 Q0 96606 1
23 Q0 96647 1
23 Q0 97258 0
23 Q0 97356 0
23 Q0 97511 0
23 Q0 97640 0
23 Q0 97687 0
23 Q0 98872 0
23 Q0 100337 0
23 Q0 100339 1
23 Q0 100543 0
23 Q0 100885 0
23 Q0 102025 0
23 Q0 102415 0
23 Q0 102455 0
23 Q0 102813 0
23 Q0 103087 0
23 Q0 103157 0
23 Q0 103161 0
23 Q0 103773 0
23 Q0 104044 1
23 Q0 104255 1
23 Q0 104956 0
23 Q0 105477 1
23 Q0 105786 0
23 Q0 105884 0
23 Q0 105934 0
23 Q0 106146 1
23 Q0 106270 0
23 Q0 107306 0
23 Q0 107617 0
24 Q0 101 0
24 Q0 471 0
24 Q0 2312 1
24 Q0 2582 0
24 Q0 2641 0
24 Q0 3014 0
24 Q0 3792 0
24 Q0 4031 0
24 Q0 5458 0
24 Q0 5748 0
24 Q0 7027 0
24 Q0 8063 0
24 Q0 8625 0
24 Q0 9032 0
24 Q0 9766 0
24 Q0 9776 0
24 Q0 9842 0
24 Q0 9875 0
24 Q0 10084 0
24 Q0 10496 0
24 Q0 11020 0
24 Q0 11954 0
24 Q0 12391 0
24 Q0 12588 0
24 Q0 13330 0
24 Q0 13527 0
24 Q0 13546 0
24 Q0 13549 0
24 Q0 13558 0
24 Q0 14005 0
24 Q0 14284 0
24 Q0 14762 0
24 Q0 15003 0
24 Q0 16294 0
24 Q0 16494 0
24 Q0 16529 0
24 Q0 17126 0
24 Q0 18102 0
24 Q0 18135 0
24 Q0 18539 0
24 Q0 18986 0
24 Q0 19205 0
24 Q0 19621 0
24 Q0 20040 0
24 Q0 20295 0
24 Q0 20664 0
24 Q0 20686 0
24 Q0 21278 0
24 Q0 21311 0
24 Q0 21536 0
24 Q0 22179 0
24 Q0 22238 1
24 Q0 22752 0
24 Q0 23101 0
24 Q0 23248 0
24 Q0 23337 0
24 Q0 23618 0
24 Q0 23726 0
24 Q0 25447 0
24 Q0 25609 0
24 Q0 26376 0
24 Q0 26402 0
24 Q0 26412 0
24 Q0 26581 0
24 Q0 26667 0
24 Q0 26676 0
24 Q0 27878 0
24 Q0 28634 0
24 Q0 28771 0
24 Q0 28878 1
24 Q0 29051 0
24 Q0 29591 0
24 Q0 29871 0
24 Q0 30372 0
24 Q0 31372 0
24 Q0 31384 0
24 Q0 31487 0
24 Q0 31710 0
24 Q0 34012 0
24 Q0 34253 0
24 Q0 34689 0
24 Q0 34918 0
24 Q0 35319 0
24 Q0 35470 0
24 Q0 36432 1
24 Q0 36672 0
24 Q0 37094 0
24 Q0 37195 0
24 Q0 37309 0
24 Q0 38363 0
24 Q0 38453 0
24 Q0 39153 0
24 Q0 39164 0
24 Q0 39745 0
24 Q0 39772 0
24 Q0 39814 0
24 Q0 39836 0
24 Q0 40263 0
24 Q0 40282 1
24 Q0 40562 0
24 Q0 40613 0
24 Q0 40753 0
24 Q0 40951 0
24 Q0 41708 0
24 Q0 42764 0
24 Q0 43094 0
24 Q0 44371 0
24 Q0 46148 0
24 Q0 46241 0
24 Q0 46754 0
24 Q0 47221 0
24 Q0 47228 0
24 Q0 47405 0
24 Q0 47704 0
24 Q0 47747 0
24 Q0 47933 0
24 Q0 48412 0
24 Q0 48970 0
24 Q0 49094 0
24 Q0 49147 0
24 Q0 49871 0
24 Q0 50116 0
24 Q0 50198 0
24 Q0 50255 0
24 Q0 50322 0
24 Q0 50889 0
24 Q0 50946 0
24 Q0 52350 0
24 Q0 52493 0
24 Q0 52884 0
24 Q0 52985 0
24 Q0 53042 0
24 Q0 53136 0
24 Q0 53596 0
24 Q0 53812 0
24 Q0 53821 0
24 Q0 53863 0
24 Q0 54015 0
24 Q0 54035 0
24 Q0 54057 0
24 Q0 54189 0
24 Q0 54345 0
24 Q0 54523 0
24 Q0 54799 0
24 Q0 55236 0
24 Q0 55286 0
24 Q0 55473 0
24 Q0 56162 0
24 Q0 57139 0
24 Q0 57237 0
24 Q0 57852 1
24 Q0 57952 0
24 Q0 58167 0
24 Q0 58424 0
24 Q0 58600 0
24 Q0 58864 0
24 Q0 59125 0
24 Q0 59355 0
24 Q0 59684 0
24 Q0 59688 0
24 Q0 59729 0
24 Q0 59873 0
24 Q0 60091 0
24 Q0 60495 0
24 Q0 60670 0
24 Q0 61073 0
24 Q0 61416 0
24 Q0 62091 0
24 Q0 62482 1
24 Q0 62661 0
24 Q0 62966 0
24 Q0 63110 0
24 Q0 63282 0
24 Q0 63411 0
24 Q0 63500 0
24 Q0 64022 0
24 Q0 64367 0
24 Q0 64513 0
24 Q0 64733 0
24 Q0 64757 0
24 Q0 64791 0
24 Q0 65129 0
24 Q0 65170 1
24 Q0 65609 0
24 Q0 65660 0
24 Q0 66006 0
24 Q0 66371 0
24 Q0 67273 0
24 Q0 67403 0
24 Q0 67472 0
24 Q0 67601 0
24 Q0 67911 0
24 Q0 68023 0
24 Q0 68474 1
24 Q0 68689 1
24 Q0 69021 0
24 Q0 69185 0
24 Q0 69834 0
24 Q0 70358 0
24 Q0 71980 0
24 Q0 72144 0
24 Q0 72740 0
24 Q0 73213 0
24 Q0 73901 0
24 Q0 74189 0
24 Q0 74391 0
24 Q0 75536 0
24 Q0 75561 0
24 Q0 75701 0
24 Q0 75706 0
24 Q0 75814 0
24 Q0 75883 0
24 Q0 76095 0
24 Q0 76291 0
24 Q0 76414 0
24 Q0 76434 0
24 Q0 76934 0
24 Q0 77084 0
24 Q0 77311 0
24 Q0 78811 0
24 Q0 79549 0
24 Q0 80557 0
24 Q0 81690 0
24 Q0 82082 0
24 Q0 82389 0
24 Q0 82940 0
24 Q0 83380 0
24 Q0 83444 0
24 Q0 83835 0
24 Q0 84156 0
24 Q0 84926 0
24 Q0 84969 0
24 Q0 85684 0
24 Q0 85765 0
24 Q0 85831 0
24 Q0 86987 0
24 Q0 87059 0
24 Q0 87804 0
24 Q0 87953 0
24 Q0 88155 0
24 Q0 88435 0
24 Q0 89156 1
24 Q0 89698 0
24 Q0 89754 0
24 Q0 89962 0
24 Q0 90041 0
24 Q0 90133 0
24 Q0 90619 0
24 Q0 90620 0
24 Q0 90925 0
24 Q0 91215 0
24 Q0 91435 0
24 Q0 93522 0
24 Q0 93901 0
24 Q0 94600 0
24 Q0 95559 0
24 Q0 95682 0
24 Q0 95984 0
24 Q0 96286 0
24 Q0 96445 0
24 Q0 96450 0
24 Q0 96861 0
24 Q0 96964 1
24 Q0 97134 0
24 Q0 97373 0
24 Q0 97777 1
24 Q0 98193 1
24 Q0 99197 0
24 Q0 99262 0
24 Q0 99563 0
24 Q0 100158 1
24 Q0 100337 0
24 Q0 101411 0
24 Q0 102283 0
24 Q0 102498 0
24 Q0 102672 0
24 Q0 103519 0
24 Q0 103602 0
24 Q0 104101 0
24 Q0 104172 0
24 Q0 104643 0
24 Q0 105687 0
24 Q0 106816 0
24 Q0 106828 0
25 Q0 278 0
25 Q0 860 0
25 Q0 1065 0
25 Q0 1768 0
25 Q0 2083 0
25 Q0 2111 0
25 Q0 2217 0
25 Q0 2582 0
25 Q0 2634 0
25 Q0 2671 0
25 Q0 2852 0
25 Q0 3446 0
25 Q0 3792 0
25 Q0 3978 0
25 Q0 4375 0
25 Q0 4515 1
25 Q0 4955 0
25 Q0 6042 0
25 Q0 7592 1
25 Q0 7949 0
25 Q0 8411 0
25 Q0 8513 0
25 Q0 9130 0
25 Q0 9875 0
25 Q0 10717 0
25 Q0 11109 0
25 Q0 11235 0
25 Q0 11882 0
25 Q0 11954 0
25 Q0 12351 0
25 Q0 12497 0
25 Q0 12541 0
25 Q0 12875 0
25 Q0 13598 0
25 Q0 13905 0
25 Q0 14762 0
25 Q0 15300 0
25 Q0 15409 0
25 Q0 15626 0
25 Q0 16187 0
25 Q0 16294 0
25 Q0 16441 0
25 Q0 18472 0
25 Q0 18579 0
25 Q0 18693 0
25 Q0 18986 0
25 Q0 19621 0
25 Q0 20153 0
25 Q0 20205 0
25 Q0 20431 0
25 Q0 20686 0
25 Q0 20824 0
25 Q0 20907 0
25 Q0 21092 0
25 Q0 21647 1
25 Q0 22268 0
25 Q0 22311 0
25 Q0 22380 0
25 Q0 22489 0
25 Q0 22490 0
25 Q0 23765 0
25 Q0 24776 1
25 Q0 25346 1
25 Q0 25447 0
25 Q0 25621 0
25 Q0 26402 0
25 Q0 26534 1
25 Q0 27099 0
25 Q0 27316 1
25 Q0 27476 0
25 Q0 27746 0
25 Q0 27939 0
25 Q0 28159 0
25 Q0 28179 0
25 Q0 28550 1
25 Q0 28841 0
25 Q0 28918 0
25 Q0 30246 0
25 Q0 30372 0
25 Q0 30392 0
25 Q0 30536 0
25 Q0 30712 0
25 Q0 31710 0
25 Q0 32231 0
25 Q0 32584 0
25 Q0 33007 1
25 Q0 33106 0
25 Q0 33590 0
25 Q0 34230 0
25 Q0 34253 0
25 Q0 34453 0
25 Q0 34481 0
25 Q0 34690 1
25 Q0 35953 0
25 Q0 36332 0
25 Q0 36489 0
25 Q0 36808 0
25 Q0 37212 1
25 Q0 37806 0
25 Q0 38203 0
25 Q0 38363 0
25 Q0 38437 0
25 Q0 38559 0
25 Q0 39092 0
25 Q0 39164 0
25 Q0 39404 0
25 Q0 39419 0
25 Q0 39895 0
25 Q0 39898 0
25 Q0 40172 0
25 Q0 40613 0
25 Q0 40695 0
25 Q0 41245 0
25 Q0 41424 0
25 Q0 41629 0
25 Q0 42241 0
25 Q0 42258 0
25 Q0 42555 1
25 Q0 43524 0
25 Q0 43708 0
25 Q0 43937 0
25 Q0 44063 0
25 Q0 44428 1
25 Q0 44611 0
25 Q0 45354 0
25 Q0 45355 0
25 Q0 45703 0
25 Q0 46405 0
25 Q0 46662 1
25 Q0 46684 0
25 Q0 46796 0
25 Q0 46906 0
25 Q0 47069 1
25 Q0 47292 0
25 Q0 47404 1
25 Q0 47867 0
25 Q0 48088 0
25 Q0 49025 0
25 Q0 49031 0
25 Q0 49306 0
25 Q0 50198 0
25 Q0 50322 0
25 Q0 51145 0
25 Q0 51553 1
25 Q0 51626 0
25 Q0 51923 0
25 Q0 52003 0
25 Q0 52417 0
25 Q0 52493 0
25 Q0 53733 0
25 Q0 54035 0
25 Q0 54057 0
25 Q0 54345 0
25 Q0 54817 0
25 Q0 54979 0
25 Q0 55683 0
25 Q0 56134 0
25 Q0 56173 0
25 Q0 56264 1
25 Q0 56311 0
25 Q0 56880 1
25 Q0 56932 0
25 Q0 57220 1
25 Q0 57403 0
25 Q0 57622 0
25 Q0 58117 0
25 Q0 58722 0
25 Q0 58864 0
25 Q0 58993 0
25 Q0 59530 0
25 Q0 59682 0
25 Q0 61003 0
25 Q0 61499 0
25 Q0 61926 0
25 Q0 62021 1
25 Q0 62059 0
25 Q0 62091 0
25 Q0 62160 0
25 Q0 62250 0
25 Q0 62851 0
25 Q0 64196 0
25 Q0 64272 0
25 Q0 64383 0
25 Q0 65129 0
25 Q0 66094 0
25 Q0 66409 0
25 Q0 66999 0
25 Q0 67176 0
25 Q0 67379 1
25 Q0 67435 0
25 Q0 67555 0
25 Q0 67816 0
25 Q0 68483 1
25 Q0 68488 0
25 Q0 68514 0
25 Q0 68562 0
25 Q0 68853 0
25 Q0 69834 0
25 Q0 70206 1
25 Q0 70419 0
25 Q0 70764 0
25 Q0 71417 0
25 Q0 73284 0
25 Q0 73589 0
25 Q0 74272 0
25 Q0 74368 0
25 Q0 74777 0
25 Q0 75401 0
25 Q0 75561 0
25 Q0 76661 0
25 Q0 76786 0
25 Q0 76878 0
25 Q0 76908 0
25 Q0 77442 0
25 Q0 79236 1
25 Q0 79645 0
25 Q0 79719 0
25 Q0 79813 0
25 Q0 79994 0
25 Q0 80218 0
25 Q0 80241 0
25 Q0 80472 0
25 Q0 80698 0
25 Q0 80866 1
25 Q0 81355 0
25 Q0 81460 0
25 Q0 81529 0
25 Q0 81705 0
25 Q0 82057 0
25 Q0 82123 0
25 Q0 82560 0
25 Q0 82940 0
25 Q0 82987 0
25 Q0 83166 0
25 Q0 83729 0
25 Q0 83836 0
25 Q0 83952 1
25 Q0 84677 1
25 Q0 85851 0
25 Q0 86234 0
25 Q0 86311 0
25 Q0 86491 0
25 Q0 87612 0
25 Q0 87618 0
25 Q0 87767 0
25 Q0 87843 0
25 Q0 88260 0
25 Q0 88272 0
25 Q0 88278 0
25 Q0 88422 0
25 Q0 88607 1
25 Q0 89346 0
25 Q0 89754 0
25 Q0 90411 0
25 Q0 90543 0
25 Q0 91535 0
25 Q0 92006 0
25 Q0 92062 0
25 Q0 92545 0
25 Q0 92631 0
25 Q0 92658 1
25 Q0 92716 0
25 Q0 92822 0
25 Q0 93114 0
25 Q0 95421 0
25 Q0 95626 1
25 Q0 95984 0
25 Q0 96227 0
25 Q0 96342 0
25 Q0 96706 0
25 Q0 97310 0
25 Q0 97438 0
25 Q0 97849 0
25 Q0 98332 0
25 Q0 98872 0
25 Q0 99382 0
25 Q0 99619 0
25 Q0 100337 0
25 Q0 100373 1
25 Q0 100723 1
25 Q0 101211 0
25 Q0 102523 0
25 Q0 104126 0
25 Q0 104154 0
25 Q0 104295 0
25 Q0 104663 1
25 Q0 105152 0
25 Q0 105483 0
25 Q0 105631 1
25 Q0 106052 0
25 Q0 106083 0
25 Q0 106154 0
25 Q0 107513 0
25 Q0 107629 0